# Size ExpectedDensity IndexOfInstance timeLCL DensityLCL timeGreedy DensityGreedy
100 0.01 0 7 159 19 125
100 0.01 1 3 169 9 137
100 0.01 2 2 181 9 141
100 0.01 3 2 166 8 143
100 0.01 4 2 141 5 125
100 0.01 5 1 139 6 149
100 0.01 6 2 147 5 131
100 0.01 7 1 167 5 137
100 0.01 8 0 164 5 160
100 0.01 9 1 159 5 144
100 0.01 10 1 135 2 119
100 0.01 11 0 175 3 118
100 0.01 12 0 127 2 133
100 0.01 13 0 167 2 114
100 0.01 14 0 170 3 142
100 0.01 15 1 180 2 110
100 0.01 16 0 184 2 133
100 0.01 17 1 145 1 104
100 0.01 18 1 152 1 146
100 0.01 19 0 158 2 146
100 0.01 20 0 135 2 121
100 0.01 21 0 164 2 128
100 0.01 22 0 169 3 135
100 0.01 23 0 147 2 137
100 0.01 24 1 176 2 135
100 0.01 25 1 156 1 135
100 0.01 26 1 175 1 138
100 0.01 27 1 149 1 129
100 0.01 28 0 143 1 111
100 0.01 29 1 149 1 106
100 0.01 30 0 157 2 137
100 0.01 31 0 140 2 122
100 0.01 32 1 138 2 129
100 0.01 33 1 173 1 136
100 0.01 34 0 150 3 129
100 0.01 35 0 160 1 122
100 0.01 36 1 167 2 149
100 0.01 37 1 197 2 108
100 0.01 38 0 148 2 135
100 0.01 39 0 175 2 147
100 0.01 40 1 137 2 119
100 0.01 41 0 149 2 134
100 0.01 42 0 149 1 129
100 0.01 43 0 131 1 118
100 0.01 44 0 183 2 163
100 0.01 45 0 187 2 146
100 0.01 46 0 166 2 113
100 0.01 47 0 163 2 139
100 0.01 48 0 150 2 136
100 0.01 49 1 164 2 143
100 0.01 50 0 144 2 115
100 0.02 0 0 295 4 233
100 0.02 1 0 222 3 202
100 0.02 2 0 268 5 232
100 0.02 3 0 230 4 233
100 0.02 4 0 242 3 241
100 0.02 5 1 294 4 260
100 0.02 6 0 259 5 220
100 0.02 7 0 264 5 225
100 0.02 8 1 245 8 225
100 0.02 9 0 235 5 241
100 0.02 10 0 258 5 221
100 0.02 11 1 277 5 224
100 0.02 12 0 265 4 203
100 0.02 13 1 233 3 238
100 0.02 14 0 246 3 224
100 0.02 15 1 256 4 210
100 0.02 16 0 223 5 204
100 0.02 17 0 203 3 179
100 0.02 18 0 234 2 216
100 0.02 19 0 231 4 200
100 0.02 20 1 271 4 239
100 0.02 21 1 249 5 257
100 0.02 22 0 268 5 250
100 0.02 23 1 274 4 227
100 0.02 24 0 220 4 252
100 0.02 25 0 248 6 248
100 0.02 26 0 257 4 205
100 0.02 27 0 254 3 208
100 0.02 28 0 219 3 219
100 0.02 29 0 276 3 279
100 0.02 30 0 286 4 222
100 0.02 31 0 257 4 253
100 0.02 32 0 248 4 232
100 0.02 33 0 259 3 217
100 0.02 34 0 283 3 224
100 0.02 35 1 249 2 224
100 0.02 36 0 248 2 247
100 0.02 37 0 278 3 216
100 0.02 38 0 281 3 213
100 0.02 39 0 241 3 242
100 0.02 40 1 268 3 196
100 0.02 41 0 309 3 243
100 0.02 42 1 293 5 273
100 0.02 43 0 250 3 195
100 0.02 44 1 254 3 233
100 0.02 45 0 244 5 195
100 0.02 46 0 260 4 230
100 0.02 47 1 237 5 204
100 0.02 48 0 231 5 222
100 0.02 49 0 274 4 225
100 0.02 50 0 246 5 254
100 0.03 0 0 349 6 290
100 0.03 1 0 330 5 316
100 0.03 2 1 339 3 315
100 0.03 3 0 308 4 254
100 0.03 4 0 364 3 311
100 0.03 5 1 344 3 270
100 0.03 6 0 289 4 286
100 0.03 7 0 339 3 308
100 0.03 8 1 340 3 321
100 0.03 9 0 287 4 278
100 0.03 10 0 335 3 344
100 0.03 11 0 347 3 277
100 0.03 12 1 323 2 324
100 0.03 13 0 330 3 324
100 0.03 14 1 326 3 299
100 0.03 15 0 309 3 346
100 0.03 16 1 358 3 330
100 0.03 17 1 356 3 361
100 0.03 18 1 327 3 286
100 0.03 19 0 314 3 279
100 0.03 20 0 341 3 313
100 0.03 21 0 416 3 338
100 0.03 22 0 343 3 288
100 0.03 23 0 324 4 314
100 0.03 24 0 341 3 286
100 0.03 25 0 337 3 306
100 0.03 26 0 289 4 284
100 0.03 27 0 327 3 296
100 0.03 28 0 329 3 301
100 0.03 29 0 323 3 339
100 0.03 30 1 362 3 321
100 0.03 31 0 340 3 257
100 0.03 32 1 279 2 249
100 0.03 33 0 348 3 314
100 0.03 34 0 366 3 315
100 0.03 35 0 349 3 308
100 0.03 36 1 338 2 278
100 0.03 37 0 353 3 299
100 0.03 38 0 323 4 326
100 0.03 39 0 338 3 316
100 0.03 40 0 342 3 291
100 0.03 41 0 360 4 350
100 0.03 42 0 350 3 284
100 0.03 43 0 309 3 277
100 0.03 44 0 328 4 299
100 0.03 45 1 396 3 327
100 0.03 46 0 308 3 278
100 0.03 47 1 347 3 329
100 0.03 48 1 311 3 290
100 0.03 49 0 285 3 284
100 0.03 50 0 294 3 309
100 0.04 0 0 441 4 402
100 0.04 1 0 375 5 388
100 0.04 2 1 392 6 360
100 0.04 3 0 429 6 398
100 0.04 4 0 409 5 381
100 0.04 5 0 363 3 354
100 0.04 6 1 386 3 348
100 0.04 7 0 438 5 407
100 0.04 8 1 441 3 475
100 0.04 9 1 392 3 368
100 0.04 10 0 443 4 408
100 0.04 11 0 372 3 332
100 0.04 12 0 387 3 324
100 0.04 13 1 390 3 369
100 0.04 14 0 390 3 341
100 0.04 15 1 370 3 349
100 0.04 16 0 403 4 371
100 0.04 17 0 388 3 362
100 0.04 18 0 439 3 397
100 0.04 19 0 398 4 347
100 0.04 20 0 411 3 342
100 0.04 21 0 412 3 407
100 0.04 22 1 402 3 363
100 0.04 23 0 362 3 359
100 0.04 24 1 404 3 377
100 0.04 25 1 427 3 400
100 0.04 26 0 396 3 326
100 0.04 27 1 401 3 375
100 0.04 28 0 448 3 405
100 0.04 29 0 449 3 374
100 0.04 30 0 394 4 382
100 0.04 31 0 375 5 357
100 0.04 32 1 358 5 338
100 0.04 33 1 360 5 378
100 0.04 34 0 402 5 414
100 0.04 35 0 434 3 373
100 0.04 36 0 357 3 364
100 0.04 37 0 365 3 346
100 0.04 38 1 432 3 393
100 0.04 39 1 349 3 360
100 0.04 40 0 393 3 370
100 0.04 41 0 404 3 360
100 0.04 42 0 384 3 363
100 0.04 43 0 375 3 377
100 0.04 44 0 412 3 425
100 0.04 45 0 405 4 406
100 0.04 46 0 428 3 347
100 0.04 47 1 349 3 322
100 0.04 48 0 391 3 400
100 0.04 49 0 408 3 435
100 0.04 50 0 411 3 398
100 0.05 0 0 478 3 449
100 0.05 1 1 489 2 487
100 0.05 2 0 503 3 530
100 0.05 3 0 451 3 459
100 0.05 4 1 485 3 557
100 0.05 5 1 436 2 384
100 0.05 6 0 474 3 424
100 0.05 7 0 493 3 443
100 0.05 8 0 394 3 381
100 0.05 9 0 452 3 431
100 0.05 10 0 417 3 432
100 0.05 11 0 508 3 481
100 0.05 12 0 537 4 529
100 0.05 13 0 450 3 428
100 0.05 14 0 494 3 492
100 0.05 15 0 441 3 424
100 0.05 16 0 464 3 438
100 0.05 17 1 443 3 466
100 0.05 18 0 474 4 454
100 0.05 19 0 480 3 511
100 0.05 20 0 457 3 440
100 0.05 21 0 437 3 423
100 0.05 22 0 487 3 488
100 0.05 23 1 398 2 411
100 0.05 24 1 459 2 440
100 0.05 25 0 476 3 483
100 0.05 26 0 424 3 416
100 0.05 27 1 459 3 422
100 0.05 28 0 463 4 406
100 0.05 29 0 482 3 448
100 0.05 30 0 499 3 480
100 0.05 31 0 480 3 445
100 0.05 32 1 437 3 448
100 0.05 33 1 449 3 449
100 0.05 34 0 463 3 458
100 0.05 35 0 431 3 429
100 0.05 36 0 416 3 416
100 0.05 37 1 447 3 419
100 0.05 38 0 458 3 432
100 0.05 39 0 450 3 405
100 0.05 40 1 449 3 456
100 0.05 41 0 477 3 463
100 0.05 42 0 453 3 431
100 0.05 43 0 465 3 421
100 0.05 44 0 491 3 490
100 0.05 45 0 462 3 454
100 0.05 46 0 452 3 484
100 0.05 47 0 437 4 435
100 0.05 48 0 464 3 435
100 0.05 49 0 434 5 443
100 0.05 50 0 481 3 467
100 0.1 0 0 825 2 815
100 0.1 1 0 758 2 766
100 0.1 2 1 727 2 758
100 0.1 3 0 734 2 727
100 0.1 4 0 702 1 712
100 0.1 5 0 748 1 716
100 0.1 6 0 725 1 702
100 0.1 7 0 782 2 773
100 0.1 8 0 679 2 701
100 0.1 9 0 718 2 722
100 0.1 10 1 703 1 701
100 0.1 11 1 784 1 782
100 0.1 12 1 821 2 814
100 0.1 13 0 759 1 770
100 0.1 14 0 710 2 736
100 0.1 15 0 753 2 742
100 0.1 16 0 832 2 829
100 0.1 17 1 775 2 766
100 0.1 18 0 758 2 771
100 0.1 19 1 657 2 732
100 0.1 20 0 851 2 874
100 0.1 21 1 796 1 793
100 0.1 22 1 763 1 786
100 0.1 23 0 790 2 805
100 0.1 24 0 767 2 784
100 0.1 25 1 747 1 799
100 0.1 26 1 838 1 827
100 0.1 27 0 728 2 757
100 0.1 28 0 765 2 716
100 0.1 29 0 717 2 697
100 0.1 30 0 742 2 736
100 0.1 31 0 775 2 786
100 0.1 32 1 708 2 731
100 0.1 33 0 727 2 731
100 0.1 34 0 717 2 711
100 0.1 35 0 750 2 780
100 0.1 36 0 691 2 710
100 0.1 37 0 778 2 779
100 0.1 38 1 717 1 733
100 0.1 39 1 715 2 752
100 0.1 40 0 758 2 733
100 0.1 41 0 662 1 681
100 0.1 42 0 695 2 731
100 0.1 43 0 764 2 768
100 0.1 44 0 668 1 689
100 0.1 45 0 730 2 752
100 0.1 46 0 682 2 714
100 0.1 47 0 687 2 682
100 0.1 48 0 740 2 723
100 0.1 49 0 808 2 775
100 0.1 50 0 770 2 763
100 0.2 0 1 1641 0 1641
100 0.2 1 1 1692 0 1692
100 0.2 2 1 1615 0 1615
100 0.2 3 1 1603 0 1603
100 0.2 4 0 1676 1 1676
100 0.2 5 0 1704 1 1704
100 0.2 6 0 1609 1 1609
100 0.2 7 0 1717 1 1717
100 0.2 8 0 1615 1 1615
100 0.2 9 0 1626 1 1626
100 0.2 10 0 1717 0 1717
100 0.2 11 0 1727 0 1727
100 0.2 12 0 1479 0 1479
100 0.2 13 0 1704 0 1704
100 0.2 14 1 1527 0 1527
100 0.2 15 1 1703 0 1703
100 0.2 16 1 1634 0 1634
100 0.2 17 1 1686 0 1686
100 0.2 18 1 1545 0 1545
100 0.2 19 1 1699 0 1699
100 0.2 20 1 1695 0 1695
100 0.2 21 1 1660 0 1660
100 0.2 22 1 1673 0 1673
100 0.2 23 1 1599 0 1599
100 0.2 24 0 1677 1 1677
100 0.2 25 0 1673 1 1673
100 0.2 26 0 1593 0 1593
100 0.2 27 0 1590 0 1590
100 0.2 28 0 1708 0 1708
100 0.2 29 0 1728 0 1728
100 0.2 30 0 1533 0 1533
100 0.2 31 0 1651 0 1651
100 0.2 32 0 1546 0 1546
100 0.2 33 1 1643 0 1643
100 0.2 34 1 1711 0 1711
100 0.2 35 1 1605 0 1605
100 0.2 36 1 1685 0 1685
100 0.2 37 1 1670 0 1670
100 0.2 38 0 1633 1 1633
100 0.2 39 0 1664 1 1664
100 0.2 40 0 1754 1 1754
100 0.2 41 0 1580 1 1580
100 0.2 42 0 1534 1 1534
100 0.2 43 0 1659 0 1659
100 0.2 44 0 1701 0 1701
100 0.2 45 0 1814 0 1814
100 0.2 46 0 1670 0 1670
100 0.2 47 0 1668 0 1668
100 0.2 48 1 1521 0 1521
100 0.2 49 1 1563 0 1563
100 0.2 50 1 1644 0 1644
100 0.3 0 1 3582 0 3582
100 0.3 1 1 3433 0 3433
100 0.3 2 1 3719 0 3719
100 0.3 3 1 3439 0 3439
100 0.3 4 1 3726 0 3726
100 0.3 5 1 3364 0 3364
100 0.3 6 1 3588 0 3588
100 0.3 7 1 3412 0 3412
100 0.3 8 1 3465 0 3465
100 0.3 9 1 3427 0 3427
100 0.3 10 1 3725 0 3725
100 0.3 11 1 3679 0 3679
100 0.3 12 1 3597 0 3597
100 0.3 13 1 3422 0 3422
100 0.3 14 1 3266 0 3266
100 0.3 15 1 3534 0 3534
100 0.3 16 1 3688 0 3688
100 0.3 17 1 3422 0 3422
100 0.3 18 1 3518 0 3518
100 0.3 19 1 3629 0 3629
100 0.3 20 1 3335 0 3335
100 0.3 21 1 3403 0 3403
100 0.3 22 1 3474 0 3474
100 0.3 23 1 3705 0 3705
100 0.3 24 1 3663 0 3663
100 0.3 25 0 3384 0 3384
100 0.3 26 0 3559 0 3559
100 0.3 27 0 3282 1 3282
100 0.3 28 0 3501 0 3501
100 0.3 29 0 3522 1 3522
100 0.3 30 0 3400 1 3400
100 0.3 31 0 3547 0 3547
100 0.3 32 0 3681 1 3681
100 0.3 33 0 3533 1 3533
100 0.3 34 0 3485 1 3485
100 0.3 35 0 3422 0 3422
100 0.3 36 0 3627 0 3627
100 0.3 37 0 3643 0 3643
100 0.3 38 0 3287 0 3287
100 0.3 39 0 3598 1 3598
100 0.3 40 0 3290 1 3290
100 0.3 41 0 3677 1 3677
100 0.3 42 0 3360 1 3360
100 0.3 43 0 3569 1 3569
100 0.3 44 0 3656 1 3656
100 0.3 45 1 3356 0 3356
100 0.3 46 1 3494 0 3494
100 0.3 47 1 3617 0 3617
100 0.3 48 1 3506 0 3506
100 0.3 49 1 3481 0 3481
100 0.3 50 1 3514 0 3514
200 0.01 0 7 448 23 399
200 0.01 1 1 468 20 379
200 0.01 2 2 419 21 378
200 0.01 3 1 458 22 374
200 0.01 4 1 454 18 373
200 0.01 5 0 404 16 342
200 0.01 6 0 443 18 356
200 0.01 7 1 449 17 377
200 0.01 8 1 454 17 367
200 0.01 9 1 440 19 373
200 0.01 10 0 430 19 398
200 0.01 11 1 421 19 374
200 0.01 12 0 422 15 338
200 0.01 13 1 457 18 425
200 0.01 14 0 391 17 382
200 0.01 15 0 431 15 369
200 0.01 16 1 494 15 398
200 0.01 17 0 452 19 392
200 0.01 18 1 464 17 363
200 0.01 19 0 445 17 396
200 0.01 20 1 465 18 396
200 0.01 21 0 469 18 396
200 0.01 22 0 445 19 370
200 0.01 23 0 437 17 384
200 0.01 24 0 397 18 409
200 0.01 25 1 410 16 376
200 0.01 26 1 492 17 404
200 0.01 27 0 484 18 412
200 0.01 28 1 524 20 424
200 0.01 29 0 423 17 350
200 0.01 30 0 472 18 390
200 0.01 31 0 469 18 407
200 0.01 32 1 384 16 369
200 0.01 33 0 497 18 367
200 0.01 34 1 482 17 399
200 0.01 35 1 395 16 370
200 0.01 36 0 450 18 369
200 0.01 37 0 499 17 381
200 0.01 38 0 416 18 359
200 0.01 39 1 422 17 381
200 0.01 40 1 498 18 406
200 0.01 41 0 509 17 355
200 0.01 42 0 443 17 411
200 0.01 43 0 443 19 374
200 0.01 44 1 456 19 408
200 0.01 45 0 419 17 384
200 0.01 46 1 436 17 328
200 0.01 47 0 477 17 356
200 0.01 48 0 461 18 380
200 0.01 49 1 449 17 410
200 0.01 50 0 454 18 452
200 0.02 0 1 676 22 609
200 0.02 1 1 718 25 637
200 0.02 2 1 670 21 558
200 0.02 3 1 661 23 612
200 0.02 4 0 656 24 580
200 0.02 5 1 605 22 528
200 0.02 6 0 685 21 544
200 0.02 7 1 682 22 625
200 0.02 8 1 702 23 658
200 0.02 9 0 644 21 623
200 0.02 10 0 708 23 626
200 0.02 11 1 625 21 543
200 0.02 12 1 645 24 627
200 0.02 13 1 725 22 630
200 0.02 14 0 692 22 602
200 0.02 15 1 659 25 594
200 0.02 16 0 675 21 606
200 0.02 17 1 653 23 566
200 0.02 18 1 720 21 634
200 0.02 19 1 723 23 702
200 0.02 20 1 667 23 591
200 0.02 21 0 630 22 526
200 0.02 22 1 559 22 563
200 0.02 23 0 649 24 569
200 0.02 24 0 650 24 561
200 0.02 25 1 610 22 649
200 0.02 26 0 661 22 548
200 0.02 27 1 651 22 610
200 0.02 28 0 717 25 637
200 0.02 29 1 660 21 605
200 0.02 30 1 748 23 629
200 0.02 31 1 705 23 609
200 0.02 32 1 682 22 588
200 0.02 33 0 682 24 594
200 0.02 34 0 641 23 609
200 0.02 35 1 696 23 592
200 0.02 36 0 648 21 567
200 0.02 37 1 686 23 660
200 0.02 38 1 704 21 624
200 0.02 39 1 741 23 612
200 0.02 40 1 740 23 577
200 0.02 41 0 662 24 645
200 0.02 42 0 637 21 583
200 0.02 43 1 625 23 601
200 0.02 44 1 706 22 662
200 0.02 45 1 643 23 604
200 0.02 46 0 688 23 585
200 0.02 47 0 666 23 630
200 0.02 48 1 643 23 640
200 0.02 49 0 636 22 611
200 0.02 50 2 690 22 530
200 0.03 0 1 852 23 823
200 0.03 1 0 828 22 803
200 0.03 2 1 879 22 818
200 0.03 3 1 923 21 862
200 0.03 4 1 861 21 792
200 0.03 5 1 902 21 817
200 0.03 6 0 894 22 853
200 0.03 7 1 868 22 797
200 0.03 8 0 877 21 868
200 0.03 9 1 834 20 769
200 0.03 10 1 822 22 806
200 0.03 11 1 813 22 772
200 0.03 12 0 887 21 833
200 0.03 13 1 841 21 793
200 0.03 14 0 877 22 801
200 0.03 15 0 827 22 817
200 0.03 16 0 930 22 808
200 0.03 17 1 909 21 832
200 0.03 18 1 872 23 873
200 0.03 19 1 864 21 800
200 0.03 20 1 920 22 830
200 0.03 21 1 871 22 818
200 0.03 22 1 886 22 886
200 0.03 23 1 807 20 774
200 0.03 24 1 750 21 807
200 0.03 25 1 937 23 885
200 0.03 26 1 886 21 804
200 0.03 27 1 826 21 855
200 0.03 28 0 846 20 736
200 0.03 29 1 845 21 801
200 0.03 30 1 924 21 882
200 0.03 31 1 894 22 919
200 0.03 32 0 790 22 784
200 0.03 33 1 863 25 806
200 0.03 34 1 817 24 780
200 0.03 35 0 869 22 857
200 0.03 36 1 823 21 811
200 0.03 37 1 817 21 817
200 0.03 38 1 826 22 769
200 0.03 39 1 789 22 807
200 0.03 40 1 835 23 820
200 0.03 41 1 799 22 782
200 0.03 42 1 828 22 827
200 0.03 43 1 917 22 839
200 0.03 44 1 829 23 788
200 0.03 45 1 879 22 806
200 0.03 46 0 897 22 857
200 0.03 47 1 907 23 803
200 0.03 48 0 880 21 821
200 0.03 49 1 836 24 814
200 0.03 50 0 788 22 782
200 0.04 0 1 987 19 977
200 0.04 1 1 1019 19 974
200 0.04 2 1 1027 19 1051
200 0.04 3 1 1072 19 1084
200 0.04 4 1 992 19 967
200 0.04 5 1 1037 19 1056
200 0.04 6 0 1040 20 1095
200 0.04 7 0 996 19 992
200 0.04 8 1 1002 23 1002
200 0.04 9 0 1059 19 968
200 0.04 10 1 1035 20 1053
200 0.04 11 1 1027 20 1025
200 0.04 12 1 1021 19 993
200 0.04 13 1 1127 20 1071
200 0.04 14 1 943 18 907
200 0.04 15 1 1037 20 981
200 0.04 16 2 1014 18 1040
200 0.04 17 1 1104 19 1039
200 0.04 18 0 1068 19 1015
200 0.04 19 1 1041 20 985
200 0.04 20 1 1083 20 1030
200 0.04 21 1 1015 18 1056
200 0.04 22 1 997 17 993
200 0.04 23 0 977 20 1003
200 0.04 24 0 1052 19 1104
200 0.04 25 1 969 17 965
200 0.04 26 1 1014 19 995
200 0.04 27 1 980 20 970
200 0.04 28 1 1002 19 967
200 0.04 29 1 1104 18 1053
200 0.04 30 1 998 18 1033
200 0.04 31 0 1046 20 1011
200 0.04 32 1 1039 17 963
200 0.04 33 1 1070 20 1047
200 0.04 34 1 985 18 1004
200 0.04 35 1 1084 21 1059
200 0.04 36 1 970 18 1009
200 0.04 37 1 1023 19 1002
200 0.04 38 0 1044 19 1087
200 0.04 39 1 1061 21 1076
200 0.04 40 1 1071 20 1033
200 0.04 41 1 1059 19 1069
200 0.04 42 0 1007 20 1019
200 0.04 43 1 1044 20 1051
200 0.04 44 1 1068 19 1053
200 0.04 45 1 1107 20 1114
200 0.04 46 1 1078 18 1025
200 0.04 47 1 1056 20 919
200 0.04 48 1 1023 18 980
200 0.04 49 0 992 23 987
200 0.04 50 1 1020 21 1011
200 0.05 0 1 1194 17 1174
200 0.05 1 0 1250 19 1269
200 0.05 2 1 1188 15 1168
200 0.05 3 1 1185 17 1226
200 0.05 4 1 1254 18 1195
200 0.05 5 1 1235 19 1255
200 0.05 6 1 1194 17 1215
200 0.05 7 1 1189 19 1221
200 0.05 8 2 1116 17 1147
200 0.05 9 1 1225 22 1217
200 0.05 10 1 1190 24 1192
200 0.05 11 0 1143 17 1221
200 0.05 12 0 1216 19 1270
200 0.05 13 1 1252 17 1213
200 0.05 14 1 1212 16 1265
200 0.05 15 1 1187 15 1186
200 0.05 16 0 1216 16 1194
200 0.05 17 1 1114 15 1177
200 0.05 18 2 1140 16 1122
200 0.05 19 2 1223 15 1227
200 0.05 20 1 1217 16 1182
200 0.05 21 0 1214 17 1215
200 0.05 22 0 1138 17 1130
200 0.05 23 1 1274 16 1332
200 0.05 24 1 1154 17 1241
200 0.05 25 1 1257 15 1276
200 0.05 26 1 1232 18 1288
200 0.05 27 1 1201 16 1180
200 0.05 28 1 1158 16 1100
200 0.05 29 1 1235 15 1185
200 0.05 30 0 1205 15 1170
200 0.05 31 1 1121 17 1163
200 0.05 32 1 1157 14 1101
200 0.05 33 1 1197 15 1281
200 0.05 34 1 1135 15 1104
200 0.05 35 1 1089 21 1225
200 0.05 36 1 1249 17 1212
200 0.05 37 1 1113 17 1165
200 0.05 38 0 1144 15 1152
200 0.05 39 1 1217 17 1279
200 0.05 40 2 1179 19 1184
200 0.05 41 1 1199 14 1157
200 0.05 42 1 1192 15 1148
200 0.05 43 1 1096 14 1093
200 0.05 44 1 1183 17 1201
200 0.05 45 1 1207 15 1242
200 0.05 46 1 1218 16 1226
200 0.05 47 1 1240 18 1147
200 0.05 48 1 1143 17 1201
200 0.05 49 1 1186 17 1231
200 0.05 50 0 1191 16 1233
200 0.1 0 1 2102 5 2088
200 0.1 1 2 2085 4 2082
200 0.1 2 1 1931 3 1980
200 0.1 3 1 1977 7 1996
200 0.1 4 1 2184 5 2200
200 0.1 5 2 2166 6 2185
200 0.1 6 1 2076 5 2115
200 0.1 7 1 2102 4 2099
200 0.1 8 1 2032 4 2047
200 0.1 9 1 2042 4 2054
200 0.1 10 2 1988 4 2003
200 0.1 11 2 1998 4 2035
200 0.1 12 1 2067 4 2075
200 0.1 13 1 2050 4 2056
200 0.1 14 1 2264 5 2268
200 0.1 15 1 2207 5 2230
200 0.1 16 1 2021 5 2054
200 0.1 17 1 2072 4 2064
200 0.1 18 1 2086 4 2090
200 0.1 19 1 1986 4 1994
200 0.1 20 1 2127 5 2133
200 0.1 21 2 2143 6 2163
200 0.1 22 1 2006 4 2034
200 0.1 23 1 1978 4 1999
200 0.1 24 1 2132 4 2120
200 0.1 25 1 2018 4 2026
200 0.1 26 1 2039 5 2072
200 0.1 27 1 2093 3 2094
200 0.1 28 1 2093 5 2115
200 0.1 29 1 2117 5 2158
200 0.1 30 1 2106 3 2147
200 0.1 31 2 2022 6 2048
200 0.1 32 1 2022 6 2014
200 0.1 33 2 2012 5 2031
200 0.1 34 2 2202 8 2205
200 0.1 35 3 2046 7 2096
200 0.1 36 1 2125 9 2169
200 0.1 37 1 2071 7 2104
200 0.1 38 1 2084 11 2095
200 0.1 39 1 1926 7 1940
200 0.1 40 2 2048 5 2065
200 0.1 41 1 2106 4 2105
200 0.1 42 1 2111 5 2095
200 0.1 43 2 2191 7 2204
200 0.1 44 2 2238 6 2218
200 0.1 45 1 1986 4 2022
200 0.1 46 2 2172 6 2162
200 0.1 47 1 2037 9 2043
200 0.1 48 1 1957 4 1975
200 0.1 49 1 2158 5 2220
200 0.1 50 2 2063 6 2081
200 0.2 0 2 6454 1 6454
200 0.2 1 2 6652 0 6652
200 0.2 2 2 6346 1 6346
200 0.2 3 1 6221 1 6221
200 0.2 4 1 6111 1 6111
200 0.2 5 1 6466 1 6466
200 0.2 6 2 6418 0 6418
200 0.2 7 3 6390 1 6390
200 0.2 8 2 6474 1 6474
200 0.2 9 2 6197 0 6197
200 0.2 10 2 6311 1 6311
200 0.2 11 1 6341 1 6341
200 0.2 12 2 6420 1 6420
200 0.2 13 3 6265 0 6265
200 0.2 14 3 6488 0 6488
200 0.2 15 2 6147 1 6147
200 0.2 16 2 6429 1 6429
200 0.2 17 1 6227 1 6227
200 0.2 18 1 6284 1 6284
200 0.2 19 1 6512 1 6512
200 0.2 20 2 6332 1 6332
200 0.2 21 2 6285 0 6285
200 0.2 22 3 6320 0 6320
200 0.2 23 2 6416 1 6416
200 0.2 24 4 6164 0 6164
200 0.2 25 2 6288 0 6288
200 0.2 26 2 6428 1 6428
200 0.2 27 2 6310 1 6310
200 0.2 28 2 6374 1 6374
200 0.2 29 2 6585 0 6585
200 0.2 30 2 6388 1 6388
200 0.2 31 2 6253 0 6253
200 0.2 32 2 6261 0 6261
200 0.2 33 2 6578 0 6578
200 0.2 34 2 6425 1 6425
200 0.2 35 1 6388 1 6388
200 0.2 36 2 6160 0 6160
200 0.2 37 2 6440 0 6440
200 0.2 38 2 6632 1 6632
200 0.2 39 2 6579 1 6579
200 0.2 40 2 6294 1 6294
200 0.2 41 1 6096 1 6096
200 0.2 42 2 6474 0 6474
200 0.2 43 2 6201 0 6201
200 0.2 44 2 6274 0 6274
200 0.2 45 2 6201 0 6201
200 0.2 46 2 6532 1 6532
200 0.2 47 2 6444 1 6444
200 0.2 48 1 6503 1 6503
200 0.2 49 2 6329 0 6329
200 0.2 50 2 6293 0 6293
200 0.3 0 3 14137 0 14137
200 0.3 1 3 13829 0 13829
200 0.3 2 3 14223 0 14223
200 0.3 3 3 14475 0 14475
200 0.3 4 3 14145 0 14145
200 0.3 5 3 14253 0 14253
200 0.3 6 3 14171 0 14171
200 0.3 7 3 14460 1 14460
200 0.3 8 3 14179 1 14179
200 0.3 9 3 13953 1 13953
200 0.3 10 4 14377 1 14377
200 0.3 11 3 14049 1 14049
200 0.3 12 3 14365 1 14365
200 0.3 13 3 14192 1 14192
200 0.3 14 2 14014 1 14014
200 0.3 15 3 14342 1 14342
200 0.3 16 2 14037 1 14037
200 0.3 17 2 14289 1 14289
200 0.3 18 2 14078 1 14078
200 0.3 19 2 14230 1 14230
200 0.3 20 2 14112 1 14112
200 0.3 21 2 14564 1 14564
200 0.3 22 2 14363 1 14363
200 0.3 23 2 14642 1 14642
200 0.3 24 2 14682 1 14682
200 0.3 25 2 14267 1 14267
200 0.3 26 3 14197 1 14197
200 0.3 27 3 14402 1 14402
200 0.3 28 2 14210 1 14210
200 0.3 29 2 13987 1 13987
200 0.3 30 2 14005 1 14005
200 0.3 31 2 14100 1 14100
200 0.3 32 2 14206 1 14206
200 0.3 33 2 13913 1 13913
200 0.3 34 3 14386 0 14386
200 0.3 35 3 14492 0 14492
200 0.3 36 3 13950 0 13950
200 0.3 37 3 14137 1 14137
200 0.3 38 3 14229 1 14229
200 0.3 39 3 13988 1 13988
200 0.3 40 2 14298 1 14298
200 0.3 41 2 14457 1 14457
200 0.3 42 2 14369 1 14369
200 0.3 43 2 14179 1 14179
200 0.3 44 3 14377 0 14377
200 0.3 45 3 14593 1 14593
200 0.3 46 4 14044 1 14044
200 0.3 47 3 14231 1 14231
200 0.3 48 2 14305 1 14305
200 0.3 49 2 14113 1 14113
200 0.3 50 2 13923 1 13923
500 0.01 0 3 1598 378 1464
500 0.01 1 3 1484 378 1251
500 0.01 2 3 1599 392 1398
500 0.01 3 3 1456 388 1358
500 0.01 4 3 1572 374 1492
500 0.01 5 5 1427 385 1357
500 0.01 6 5 1536 386 1384
500 0.01 7 3 1417 377 1353
500 0.01 8 3 1546 389 1409
500 0.01 9 3 1530 363 1423
500 0.01 10 3 1542 382 1337
500 0.01 11 3 1607 381 1406
500 0.01 12 3 1605 383 1524
500 0.01 13 3 1591 400 1466
500 0.01 14 3 1465 367 1325
500 0.01 15 3 1552 383 1390
500 0.01 16 3 1518 383 1441
500 0.01 17 3 1502 367 1273
500 0.01 18 3 1505 387 1347
500 0.01 19 3 1535 462 1269
500 0.01 20 3 1550 375 1380
500 0.01 21 3 1657 385 1355
500 0.01 22 3 1547 407 1396
500 0.01 23 3 1511 402 1305
500 0.01 24 3 1525 377 1351
500 0.01 25 3 1600 377 1405
500 0.01 26 3 1464 389 1425
500 0.01 27 3 1437 382 1373
500 0.01 28 3 1487 374 1338
500 0.01 29 3 1477 373 1373
500 0.01 30 3 1705 378 1312
500 0.01 31 3 1468 382 1413
500 0.01 32 4 1520 376 1344
500 0.01 33 3 1459 366 1428
500 0.01 34 3 1506 381 1287
500 0.01 35 3 1475 368 1344
500 0.01 36 3 1489 386 1413
500 0.01 37 3 1468 371 1318
500 0.01 38 3 1553 377 1403
500 0.01 39 3 1451 392 1328
500 0.01 40 3 1575 387 1412
500 0.01 41 3 1562 390 1420
500 0.01 42 3 1507 379 1446
500 0.01 43 8 1568 380 1459
500 0.01 44 3 1520 379 1356
500 0.01 45 7 1524 376 1306
500 0.01 46 3 1495 356 1260
500 0.01 47 3 1463 376 1354
500 0.01 48 3 1549 370 1275
500 0.01 49 3 1547 387 1323
500 0.01 50 3 1460 379 1322
500 0.02 0 3 2256 306 2102
500 0.02 1 4 2362 318 2279
500 0.02 2 4 2273 334 2033
500 0.02 3 4 2248 346 2216
500 0.02 4 3 2386 321 2338
500 0.02 5 4 2141 316 2147
500 0.02 6 3 2348 320 2220
500 0.02 7 3 2266 313 2155
500 0.02 8 4 2199 307 2128
500 0.02 9 3 2233 310 2188
500 0.02 10 3 2397 328 2353
500 0.02 11 3 2275 316 2154
500 0.02 12 4 2251 311 2177
500 0.02 13 4 2246 320 2229
500 0.02 14 4 2201 352 2154
500 0.02 15 3 2377 318 2212
500 0.02 16 4 2276 331 2178
500 0.02 17 4 2347 335 2223
500 0.02 18 3 2282 315 2133
500 0.02 19 3 2460 318 2240
500 0.02 20 4 2382 328 2264
500 0.02 21 3 2215 329 2114
500 0.02 22 3 2182 334 2127
500 0.02 23 3 2167 306 2159
500 0.02 24 4 2328 334 2250
500 0.02 25 3 2347 339 2262
500 0.02 26 4 2234 325 2143
500 0.02 27 3 2364 317 2129
500 0.02 28 5 2309 317 2137
500 0.02 29 3 2374 333 2283
500 0.02 30 4 2293 333 2331
500 0.02 31 3 2245 313 2272
500 0.02 32 4 2285 338 2076
500 0.02 33 4 2376 327 2307
500 0.02 34 3 2239 325 2184
500 0.02 35 3 2272 339 2145
500 0.02 36 4 2280 333 2243
500 0.02 37 3 2329 323 2201
500 0.02 38 5 2298 314 2263
500 0.02 39 4 2217 307 2201
500 0.02 40 3 2254 322 2232
500 0.02 41 5 2326 312 2181
500 0.02 42 5 2326 310 2217
500 0.02 43 4 2322 307 2164
500 0.02 44 3 2437 311 2356
500 0.02 45 4 2193 309 2147
500 0.02 46 3 2099 313 2169
500 0.02 47 3 2191 306 2231
500 0.02 48 4 2247 304 2169
500 0.02 49 3 2274 322 2276
500 0.02 50 3 2496 328 2476
500 0.03 0 4 2844 226 2943
500 0.03 1 4 2745 233 2774
500 0.03 2 4 2917 236 2900
500 0.03 3 4 2956 236 3022
500 0.03 4 4 2837 250 2945
500 0.03 5 4 2992 230 2965
500 0.03 6 4 2804 246 2878
500 0.03 7 3 2930 239 2877
500 0.03 8 4 2889 223 2843
500 0.03 9 4 3089 244 3126
500 0.03 10 4 2831 230 2851
500 0.03 11 4 2856 235 2882
500 0.03 12 4 3035 235 2979
500 0.03 13 4 2972 217 2943
500 0.03 14 4 2898 238 3046
500 0.03 15 4 3005 234 3065
500 0.03 16 4 2810 230 2854
500 0.03 17 4 2919 244 3070
500 0.03 18 4 2816 225 2754
500 0.03 19 3 2928 243 2943
500 0.03 20 3 2987 233 2985
500 0.03 21 4 2932 236 2935
500 0.03 22 4 2967 241 2910
500 0.03 23 4 2924 247 2871
500 0.03 24 4 2817 225 2869
500 0.03 25 3 2924 246 2982
500 0.03 26 3 2823 229 2927
500 0.03 27 4 2897 238 2922
500 0.03 28 4 2866 242 2938
500 0.03 29 4 2981 249 2919
500 0.03 30 4 2852 235 2892
500 0.03 31 3 2912 234 2918
500 0.03 32 4 2828 242 2877
500 0.03 33 4 2990 242 3039
500 0.03 34 4 3086 243 3067
500 0.03 35 5 2823 249 2978
500 0.03 36 4 3050 262 3147
500 0.03 37 4 2940 240 3013
500 0.03 38 4 3073 249 3063
500 0.03 39 4 3006 246 3039
500 0.03 40 4 2908 239 2981
500 0.03 41 4 2856 232 2919
500 0.03 42 4 2996 237 2945
500 0.03 43 4 3188 251 3196
500 0.03 44 4 2949 218 2883
500 0.03 45 4 2944 228 2948
500 0.03 46 4 2829 220 2893
500 0.03 47 4 2813 242 2805
500 0.03 48 5 2984 241 2959
500 0.03 49 4 2990 223 3048
500 0.03 50 3 2966 241 2912
500 0.04 0 5 3466 150 3545
500 0.04 1 6 3520 150 3508
500 0.04 2 4 3535 161 3603
500 0.04 3 5 3493 157 3620
500 0.04 4 4 3481 155 3544
500 0.04 5 4 3536 153 3637
500 0.04 6 4 3736 168 3812
500 0.04 7 5 3548 161 3616
500 0.04 8 4 3689 163 3757
500 0.04 9 5 3344 160 3406
500 0.04 10 4 3698 173 3673
500 0.04 11 4 3550 165 3500
500 0.04 12 5 3580 168 3595
500 0.04 13 4 3513 165 3658
500 0.04 14 5 3687 175 3688
500 0.04 15 4 3737 177 3811
500 0.04 16 4 3539 173 3481
500 0.04 17 4 3606 170 3626
500 0.04 18 4 3478 158 3434
500 0.04 19 5 3407 158 3467
500 0.04 20 5 3643 158 3667
500 0.04 21 4 3672 175 3804
500 0.04 22 4 3750 159 3840
500 0.04 23 5 3623 157 3718
500 0.04 24 4 3554 161 3640
500 0.04 25 4 3582 166 3591
500 0.04 26 5 3578 163 3577
500 0.04 27 5 3567 170 3637
500 0.04 28 5 3368 165 3473
500 0.04 29 5 3711 161 3618
500 0.04 30 5 3673 168 3702
500 0.04 31 5 3557 159 3564
500 0.04 32 4 3791 175 3776
500 0.04 33 5 3656 168 3701
500 0.04 34 4 3634 208 3739
500 0.04 35 6 3634 186 3784
500 0.04 36 5 3546 154 3641
500 0.04 37 4 3447 159 3523
500 0.04 38 4 3495 160 3522
500 0.04 39 6 3652 163 3659
500 0.04 40 4 3480 159 3472
500 0.04 41 5 3627 156 3660
500 0.04 42 4 3566 160 3528
500 0.04 43 4 3433 168 3454
500 0.04 44 4 3439 161 3566
500 0.04 45 4 3481 184 3572
500 0.04 46 4 3433 148 3463
500 0.04 47 5 3659 173 3832
500 0.04 48 6 3618 169 3745
500 0.04 49 5 3557 168 3638
500 0.04 50 4 3598 170 3640
500 0.05 0 5 4212 102 4295
500 0.05 1 5 4217 98 4257
500 0.05 2 5 4392 114 4435
500 0.05 3 6 4311 105 4273
500 0.05 4 5 4091 99 4148
500 0.05 5 5 4184 102 4287
500 0.05 6 5 4287 100 4387
500 0.05 7 5 4041 104 4164
500 0.05 8 4 4322 112 4344
500 0.05 9 5 4212 103 4260
500 0.05 10 6 4521 112 4514
500 0.05 11 5 4210 99 4320
500 0.05 12 5 4369 105 4434
500 0.05 13 5 4058 99 4124
500 0.05 14 4 4077 106 4203
500 0.05 15 4 4154 92 4217
500 0.05 16 5 4181 104 4293
500 0.05 17 5 4245 104 4330
500 0.05 18 5 4375 113 4452
500 0.05 19 5 4337 135 4428
500 0.05 20 5 4384 117 4471
500 0.05 21 5 4224 108 4360
500 0.05 22 5 4076 96 4250
500 0.05 23 4 4138 96 4230
500 0.05 24 5 4235 98 4285
500 0.05 25 5 4110 94 4051
500 0.05 26 5 4078 96 4141
500 0.05 27 5 4199 104 4272
500 0.05 28 5 4243 107 4382
500 0.05 29 5 4126 110 4214
500 0.05 30 5 4098 98 4174
500 0.05 31 5 4234 87 4289
500 0.05 32 4 4248 106 4337
500 0.05 33 5 4166 96 4243
500 0.05 34 4 4561 130 4635
500 0.05 35 5 4299 104 4410
500 0.05 36 5 4291 104 4349
500 0.05 37 5 4159 115 4319
500 0.05 38 5 4213 100 4334
500 0.05 39 5 4142 106 4203
500 0.05 40 4 4165 98 4147
500 0.05 41 5 4176 95 4177
500 0.05 42 5 4326 102 4334
500 0.05 43 5 4230 117 4335
500 0.05 44 5 4176 110 4251
500 0.05 45 4 4347 112 4487
500 0.05 46 5 4428 109 4431
500 0.05 47 5 4207 99 4224
500 0.05 48 5 3990 97 4051
500 0.05 49 5 4297 105 4352
500 0.05 50 5 4220 105 4293
500 0.1 0 6 10204 5 10204
500 0.1 1 7 9856 3 9856
500 0.1 2 6 10090 4 10090
500 0.1 3 7 9958 6 9958
500 0.1 4 6 10062 4 10062
500 0.1 5 7 10195 5 10195
500 0.1 6 6 10232 4 10232
500 0.1 7 6 10261 5 10261
500 0.1 8 8 9910 4 9910
500 0.1 9 6 10114 7 10114
500 0.1 10 7 10050 6 10050
500 0.1 11 8 9948 3 9948
500 0.1 12 6 10087 6 10087
500 0.1 13 7 10341 10 10341
500 0.1 14 6 10142 4 10142
500 0.1 15 8 9862 7 9866
500 0.1 16 7 9987 4 9987
500 0.1 17 8 10166 6 10166
500 0.1 18 8 10281 4 10281
500 0.1 19 6 10210 4 10210
500 0.1 20 6 10113 4 10113
500 0.1 21 7 10181 3 10181
500 0.1 22 7 10326 3 10326
500 0.1 23 8 10241 5 10241
500 0.1 24 7 10468 5 10468
500 0.1 25 7 10244 4 10244
500 0.1 26 7 10331 4 10331
500 0.1 27 7 10090 5 10090
500 0.1 28 6 10036 4 10036
500 0.1 29 7 10174 7 10174
500 0.1 30 7 10101 3 10101
500 0.1 31 8 10169 2 10169
500 0.1 32 7 10284 5 10284
500 0.1 33 7 10272 6 10272
500 0.1 34 7 10200 5 10200
500 0.1 35 7 10124 7 10124
500 0.1 36 6 9880 5 9880
500 0.1 37 6 9982 3 9982
500 0.1 38 8 10177 5 10177
500 0.1 39 6 10006 3 10006
500 0.1 40 7 10195 5 10195
500 0.1 41 7 10353 5 10353
500 0.1 42 8 10349 4 10351
500 0.1 43 6 9920 5 9920
500 0.1 44 6 10077 3 10077
500 0.1 45 6 10148 7 10148
500 0.1 46 6 9803 3 9803
500 0.1 47 6 10115 5 10115
500 0.1 48 7 9948 5 9948
500 0.1 49 7 10096 4 10096
500 0.1 50 7 9876 4 9876
500 0.2 0 11 39696 3 39696
500 0.2 1 10 40185 4 40185
500 0.2 2 10 39915 4 39915
500 0.2 3 12 39432 3 39432
500 0.2 4 11 40025 3 40025
500 0.2 5 11 40386 3 40386
500 0.2 6 11 39685 3 39685
500 0.2 7 10 40252 3 40252
500 0.2 8 10 40610 3 40610
500 0.2 9 11 40570 3 40570
500 0.2 10 10 39705 4 39705
500 0.2 11 10 39716 4 39716
500 0.2 12 11 39366 4 39366
500 0.2 13 11 40806 3 40806
500 0.2 14 11 40287 3 40287
500 0.2 15 11 39980 3 39980
500 0.2 16 10 40017 3 40017
500 0.2 17 10 40262 4 40262
500 0.2 18 11 39448 3 39448
500 0.2 19 10 40026 3 40026
500 0.2 20 12 40281 3 40281
500 0.2 21 10 39617 3 39617
500 0.2 22 12 39380 4 39380
500 0.2 23 10 40406 3 40406
500 0.2 24 10 40087 4 40087
500 0.2 25 11 40836 3 40836
500 0.2 26 11 40178 3 40178
500 0.2 27 11 39528 3 39528
500 0.2 28 10 39950 4 39950
500 0.2 29 11 39918 3 39918
500 0.2 30 10 40000 4 40000
500 0.2 31 10 39034 4 39034
500 0.2 32 11 39467 3 39467
500 0.2 33 12 39788 4 39788
500 0.2 34 11 39745 3 39745
500 0.2 35 11 39386 3 39386
500 0.2 36 10 39214 4 39214
500 0.2 37 11 40162 3 40162
500 0.2 38 11 39524 3 39524
500 0.2 39 11 39740 3 39740
500 0.2 40 10 39785 4 39785
500 0.2 41 11 39381 4 39381
500 0.2 42 10 39737 3 39737
500 0.2 43 11 39907 3 39907
500 0.2 44 11 40293 3 40293
500 0.2 45 10 40502 4 40502
500 0.2 46 10 40862 4 40862
500 0.2 47 10 40456 3 40456
500 0.2 48 11 39778 3 39778
500 0.2 49 11 39859 3 39859
500 0.2 50 13 39457 3 39457
500 0.3 0 15 88358 5 88358
500 0.3 1 15 89960 4 89960
500 0.3 2 14 90039 5 90039
500 0.3 3 15 88998 4 88998
500 0.3 4 15 89518 4 89518
500 0.3 5 15 90499 5 90499
500 0.3 6 15 89500 4 89500
500 0.3 7 14 89945 5 89945
500 0.3 8 17 90620 4 90620
500 0.3 9 14 89922 5 89922
500 0.3 10 15 89559 5 89559
500 0.3 11 15 89815 5 89815
500 0.3 12 15 88235 4 88235
500 0.3 13 15 90640 5 90640
500 0.3 14 15 89113 4 89113
500 0.3 15 14 88965 5 88965
500 0.3 16 15 88629 5 88629
500 0.3 17 17 90661 4 90661
500 0.3 18 14 89849 5 89849
500 0.3 19 15 89070 5 89070
500 0.3 20 15 89254 4 89254
500 0.3 21 15 90213 4 90213
500 0.3 22 14 90233 5 90233
500 0.3 23 16 89511 4 89511
500 0.3 24 16 90081 4 90081
500 0.3 25 15 90434 5 90434
500 0.3 26 17 91307 4 91307
500 0.3 27 15 90103 4 90103
500 0.3 28 15 89869 5 89869
500 0.3 29 15 89416 5 89416
500 0.3 30 15 89872 5 89872
500 0.3 31 15 89478 5 89478
500 0.3 32 15 89994 5 89994
500 0.3 33 15 89701 4 89701
500 0.3 34 16 90034 5 90034
500 0.3 35 15 89682 4 89682
500 0.3 36 15 90277 5 90277
500 0.3 37 15 89828 4 89828
500 0.3 38 15 88731 4 88731
500 0.3 39 14 89343 5 89343
500 0.3 40 15 89610 6 89610
500 0.3 41 16 90107 5 90107
500 0.3 42 14 89577 5 89577
500 0.3 43 16 89757 4 89757
500 0.3 44 15 90124 4 90124
500 0.3 45 14 89627 5 89627
500 0.3 46 15 91203 4 91203
500 0.3 47 15 88397 4 88397
500 0.3 48 15 91189 5 91189
500 0.3 49 16 90047 5 90047
500 0.3 50 16 90266 4 90266
1000 0.01 0 13 3759 3028 3462
1000 0.01 1 12 3678 2821 3555
1000 0.01 2 13 3810 2873 3456
1000 0.01 3 12 3825 2809 3614
1000 0.01 4 12 3861 2848 3438
1000 0.01 5 15 3830 2936 3451
1000 0.01 6 11 3757 2960 3505
1000 0.01 7 11 3877 2969 3477
1000 0.01 8 14 3898 2860 3502
1000 0.01 9 12 3723 2783 3352
1000 0.01 10 11 3903 2787 3491
1000 0.01 11 12 3749 2802 3479
1000 0.01 12 11 3757 2783 3437
1000 0.01 13 11 3665 2756 3374
1000 0.01 14 12 3753 2766 3317
1000 0.01 15 11 3854 2720 3352
1000 0.01 16 11 3862 2918 3803
1000 0.01 17 12 3936 2822 3471
1000 0.01 18 12 3743 2802 3352
1000 0.01 19 12 3784 2843 3520
1000 0.01 20 11 3811 2789 3551
1000 0.01 21 11 3925 2870 3560
1000 0.01 22 12 3927 2839 3564
1000 0.01 23 12 3749 2924 3485
1000 0.01 24 11 3777 2803 3375
1000 0.01 25 11 3873 2819 3493
1000 0.01 26 11 3824 2840 3412
1000 0.01 27 12 3704 2775 3442
1000 0.01 28 24 3859 2779 3457
1000 0.01 29 11 3843 2770 3371
1000 0.01 30 12 3911 2814 3554
1000 0.01 31 12 3911 2839 3566
1000 0.01 32 11 3814 2838 3621
1000 0.01 33 12 3737 2759 3385
1000 0.01 34 12 3781 2769 3517
1000 0.01 35 12 3772 2767 3490
1000 0.01 36 12 3832 2817 3605
1000 0.01 37 11 3869 2840 3444
1000 0.01 38 12 3853 2811 3632
1000 0.01 39 12 3795 2788 3535
1000 0.01 40 12 3806 2783 3433
1000 0.01 41 11 3831 2863 3541
1000 0.01 42 11 3859 2942 3554
1000 0.01 43 12 3839 2859 3510
1000 0.01 44 12 3760 2900 3508
1000 0.01 45 12 3776 2787 3559
1000 0.01 46 11 3790 2842 3492
1000 0.01 47 12 3812 2867 3634
1000 0.01 48 11 3730 2813 3349
1000 0.01 49 12 3873 2834 3531
1000 0.01 50 12 3823 2746 3501
1000 0.02 0 15 5818 1900 5846
1000 0.02 1 14 5714 1951 5816
1000 0.02 2 13 5758 1839 5535
1000 0.02 3 13 5617 1823 5519
1000 0.02 4 14 5735 1993 5708
1000 0.02 5 14 5626 1944 5717
1000 0.02 6 17 5674 1935 5782
1000 0.02 7 16 5888 1940 5750
1000 0.02 8 14 5597 1842 5697
1000 0.02 9 13 5694 1847 5794
1000 0.02 10 13 5625 1856 5819
1000 0.02 11 14 5833 1861 5770
1000 0.02 12 13 5706 1789 5567
1000 0.02 13 14 5675 1897 5619
1000 0.02 14 13 5529 1812 5638
1000 0.02 15 14 5823 1903 5650
1000 0.02 16 14 5815 1865 5860
1000 0.02 17 13 5705 1871 5704
1000 0.02 18 14 5674 1873 5728
1000 0.02 19 13 5708 1861 5684
1000 0.02 20 14 5735 1856 5799
1000 0.02 21 14 5512 1826 5499
1000 0.02 22 13 5492 1811 5687
1000 0.02 23 14 5621 1876 5668
1000 0.02 24 14 5507 1982 5569
1000 0.02 25 15 5897 2058 5773
1000 0.02 26 15 5698 1889 5789
1000 0.02 27 14 5808 1935 5878
1000 0.02 28 14 5697 1980 5627
1000 0.02 29 14 5802 1891 5976
1000 0.02 30 16 5593 1909 5498
1000 0.02 31 15 5690 1880 5595
1000 0.02 32 13 5632 1855 5628
1000 0.02 33 14 5655 1842 5604
1000 0.02 34 14 5521 1815 5660
1000 0.02 35 14 5660 1846 5483
1000 0.02 36 13 5786 1884 5826
1000 0.02 37 13 5596 1936 5816
1000 0.02 38 14 5614 1901 5542
1000 0.02 39 14 5692 1941 5652
1000 0.02 40 14 5643 1890 5710
1000 0.02 41 14 5643 1872 5747
1000 0.02 42 13 5844 1912 5881
1000 0.02 43 13 5697 1894 5722
1000 0.02 44 14 5810 1930 5770
1000 0.02 45 13 5691 1861 5808
1000 0.02 46 20 5650 1911 5712
1000 0.02 47 13 5819 1888 5871
1000 0.02 48 14 5738 1922 5894
1000 0.02 49 15 5650 1925 5652
1000 0.02 50 14 5788 1891 5648
1000 0.03 0 15 7560 1114 7673
1000 0.03 1 17 7547 1131 7659
1000 0.03 2 16 7355 1031 7683
1000 0.03 3 16 7416 1040 7603
1000 0.03 4 16 7388 1134 7563
1000 0.03 5 16 7452 1043 7625
1000 0.03 6 16 7545 1065 7468
1000 0.03 7 17 7572 1089 7726
1000 0.03 8 16 7461 1112 7560
1000 0.03 9 16 7454 1078 7515
1000 0.03 10 16 7558 1163 7713
1000 0.03 11 15 7441 1103 7632
1000 0.03 12 18 7720 1081 7737
1000 0.03 13 16 7276 1078 7462
1000 0.03 14 15 7593 1195 7787
1000 0.03 15 16 7410 1081 7596
1000 0.03 16 16 7525 1104 7701
1000 0.03 17 17 7795 1105 7931
1000 0.03 18 16 7406 1095 7720
1000 0.03 19 16 7410 1106 7616
1000 0.03 20 15 7298 1084 7559
1000 0.03 21 21 7689 1080 7911
1000 0.03 22 16 7264 1090 7388
1000 0.03 23 16 7659 1147 7870
1000 0.03 24 17 7742 1116 7815
1000 0.03 25 15 7461 1075 7773
1000 0.03 26 17 7431 1082 7701
1000 0.03 27 18 7578 1119 7630
1000 0.03 28 16 7372 1038 7457
1000 0.03 29 15 7486 1064 7681
1000 0.03 30 15 7523 1106 7630
1000 0.03 31 16 7475 1058 7664
1000 0.03 32 16 7475 1118 7734
1000 0.03 33 15 7522 1080 7565
1000 0.03 34 16 7503 1137 7696
1000 0.03 35 15 7270 1054 7548
1000 0.03 36 16 7625 1169 7872
1000 0.03 37 16 7505 1166 7681
1000 0.03 38 19 7518 1057 7796
1000 0.03 39 18 7617 1116 7922
1000 0.03 40 16 7507 1157 7757
1000 0.03 41 24 7709 1133 7775
1000 0.03 42 17 7629 1180 7889
1000 0.03 43 16 7400 1104 7646
1000 0.03 44 15 7653 1113 7807
1000 0.03 45 15 7452 1043 7681
1000 0.03 46 15 7095 1046 7210
1000 0.03 47 16 7400 1072 7634
1000 0.03 48 16 7436 1118 7673
1000 0.03 49 17 7690 1099 7872
1000 0.03 50 15 7500 1086 7704
1000 0.04 0 17 9554 576 9549
1000 0.04 1 17 9641 547 9681
1000 0.04 2 17 9786 621 9977
1000 0.04 3 19 9543 564 9713
1000 0.04 4 20 9600 514 9780
1000 0.04 5 17 9529 545 9602
1000 0.04 6 17 9463 576 9569
1000 0.04 7 22 9450 588 9566
1000 0.04 8 17 9539 550 9556
1000 0.04 9 19 9346 552 9473
1000 0.04 10 17 9333 493 9429
1000 0.04 11 17 9566 534 9609
1000 0.04 12 19 9496 584 9678
1000 0.04 13 17 9579 587 9736
1000 0.04 14 19 9301 503 9460
1000 0.04 15 17 9483 556 9544
1000 0.04 16 17 9562 580 9676
1000 0.04 17 17 9465 555 9589
1000 0.04 18 17 9669 573 9765
1000 0.04 19 17 9444 526 9526
1000 0.04 20 17 9553 535 9701
1000 0.04 21 17 9583 563 9661
1000 0.04 22 17 9801 568 9982
1000 0.04 23 18 9534 573 9745
1000 0.04 24 17 9545 555 9625
1000 0.04 25 18 9682 561 9832
1000 0.04 26 19 9518 551 9652
1000 0.04 27 17 9168 525 9313
1000 0.04 28 17 9286 519 9440
1000 0.04 29 20 9562 530 9663
1000 0.04 30 17 9362 480 9409
1000 0.04 31 17 9572 527 9690
1000 0.04 32 17 9403 570 9521
1000 0.04 33 17 9232 530 9288
1000 0.04 34 18 9584 512 9809
1000 0.04 35 17 9463 539 9495
1000 0.04 36 18 9446 610 9628
1000 0.04 37 17 9494 597 9641
1000 0.04 38 17 9500 531 9541
1000 0.04 39 20 9578 580 9661
1000 0.04 40 17 9383 500 9424
1000 0.04 41 21 9539 581 9648
1000 0.04 42 17 9499 548 9553
1000 0.04 43 18 9575 543 9657
1000 0.04 44 17 9500 553 9565
1000 0.04 45 17 9422 557 9563
1000 0.04 46 18 9473 597 9638
1000 0.04 47 17 9616 611 9753
1000 0.04 48 18 9357 565 9597
1000 0.04 49 18 9505 560 9623
1000 0.04 50 18 9402 552 9603
1000 0.05 0 20 12072 260 12099
1000 0.05 1 19 11741 237 11837
1000 0.05 2 18 12046 224 12112
1000 0.05 3 18 12081 217 12148
1000 0.05 4 20 12204 228 12287
1000 0.05 5 18 11801 249 11861
1000 0.05 6 19 12027 284 12066
1000 0.05 7 19 11986 261 12036
1000 0.05 8 19 11992 244 12014
1000 0.05 9 20 11910 258 11962
1000 0.05 10 19 12263 246 12334
1000 0.05 11 18 11987 208 12019
1000 0.05 12 18 11994 244 12067
1000 0.05 13 19 11866 219 11919
1000 0.05 14 19 12268 217 12316
1000 0.05 15 18 12069 236 12136
1000 0.05 16 19 12132 245 12162
1000 0.05 17 18 11915 205 11968
1000 0.05 18 18 11857 223 11900
1000 0.05 19 19 12147 216 12222
1000 0.05 20 19 11922 212 11958
1000 0.05 21 20 11635 205 11666
1000 0.05 22 18 11972 228 12026
1000 0.05 23 19 11838 216 11787
1000 0.05 24 21 12198 249 12274
1000 0.05 25 18 12036 241 12088
1000 0.05 26 19 11947 236 12007
1000 0.05 27 18 11814 213 11828
1000 0.05 28 19 12031 239 12075
1000 0.05 29 18 12038 228 12104
1000 0.05 30 19 12103 244 12172
1000 0.05 31 19 12119 239 12156
1000 0.05 32 19 12119 230 12155
1000 0.05 33 19 11946 244 12020
1000 0.05 34 18 11645 216 11675
1000 0.05 35 19 11725 224 11710
1000 0.05 36 18 12279 219 12377
1000 0.05 37 19 11983 255 12067
1000 0.05 38 18 11712 236 11759
1000 0.05 39 19 11718 220 11716
1000 0.05 40 18 11969 212 12038
1000 0.05 41 19 12051 232 12033
1000 0.05 42 18 12098 251 12222
1000 0.05 43 19 11950 280 12014
1000 0.05 44 19 11957 221 12053
1000 0.05 45 19 11731 195 11722
1000 0.05 46 19 12027 245 12051
1000 0.05 47 19 12018 263 12065
1000 0.05 48 18 12061 225 12091
1000 0.05 49 18 12022 246 12051
1000 0.05 50 18 11771 252 11788
1000 0.1 0 27 40332 8 40332
1000 0.1 1 24 39577 8 39577
1000 0.1 2 24 40134 9 40134
1000 0.1 3 25 40104 8 40104
1000 0.1 4 25 40301 7 40301
1000 0.1 5 25 39769 7 39769
1000 0.1 6 25 39621 7 39621
1000 0.1 7 24 40239 8 40239
1000 0.1 8 24 39717 8 39717
1000 0.1 9 24 40145 8 40145
1000 0.1 10 24 40082 7 40082
1000 0.1 11 25 39916 9 39916
1000 0.1 12 25 40274 7 40274
1000 0.1 13 25 39970 7 39970
1000 0.1 14 25 39916 7 39916
1000 0.1 15 25 39971 8 39971
1000 0.1 16 26 39858 7 39858
1000 0.1 17 25 40192 7 40192
1000 0.1 18 25 39834 7 39834
1000 0.1 19 25 40240 8 40240
1000 0.1 20 24 40201 7 40201
1000 0.1 21 24 40109 8 40109
1000 0.1 22 25 40073 7 40073
1000 0.1 23 25 40010 8 40010
1000 0.1 24 24 40168 8 40168
1000 0.1 25 24 40490 8 40490
1000 0.1 26 24 39906 7 39906
1000 0.1 27 25 40300 7 40300
1000 0.1 28 25 39967 7 39967
1000 0.1 29 25 39831 7 39831
1000 0.1 30 25 40170 7 40170
1000 0.1 31 25 39833 17 39833
1000 0.1 32 25 39869 9 39869
1000 0.1 33 25 40478 7 40478
1000 0.1 34 25 39928 7 39928
1000 0.1 35 24 39914 8 39914
1000 0.1 36 24 40182 8 40182
1000 0.1 37 25 40092 8 40092
1000 0.1 38 24 40250 7 40250
1000 0.1 39 25 40164 9 40164
1000 0.1 40 24 39656 8 39656
1000 0.1 41 25 39663 7 39663
1000 0.1 42 24 39443 8 39443
1000 0.1 43 24 40032 8 40032
1000 0.1 44 24 39924 8 39924
1000 0.1 45 24 39820 8 39820
1000 0.1 46 27 40628 9 40628
1000 0.1 47 25 40236 8 40236
1000 0.1 48 25 39987 7 39987
1000 0.1 49 25 39123 7 39123
1000 0.1 50 25 39921 7 39921
1000 0.2 0 41 159189 12 159189
1000 0.2 1 41 158251 13 158251
1000 0.2 2 41 160812 13 160812
1000 0.2 3 41 159169 13 159169
1000 0.2 4 41 160252 13 160252
1000 0.2 5 41 159583 13 159583
1000 0.2 6 46 160345 18 160345
1000 0.2 7 42 159200 12 159200
1000 0.2 8 41 158556 12 158556
1000 0.2 9 44 159040 13 159040
1000 0.2 10 41 159534 13 159534
1000 0.2 11 41 159190 13 159190
1000 0.2 12 42 159789 13 159789
1000 0.2 13 42 160646 12 160646
1000 0.2 14 41 159589 13 159589
1000 0.2 15 42 159121 12 159121
1000 0.2 16 41 159321 13 159321
1000 0.2 17 41 160440 13 160440
1000 0.2 18 42 160006 13 160006
1000 0.2 19 42 158930 12 158930
1000 0.2 20 41 160149 13 160149
1000 0.2 21 41 159344 13 159344
1000 0.2 22 41 159775 13 159775
1000 0.2 23 42 159221 13 159221
1000 0.2 24 42 159335 12 159335
1000 0.2 25 41 160731 12 160731
1000 0.2 26 41 159180 12 159180
1000 0.2 27 41 158828 12 158828
1000 0.2 28 41 159375 12 159375
1000 0.2 29 41 160150 12 160150
1000 0.2 30 41 160351 13 160351
1000 0.2 31 42 160058 12 160058
1000 0.2 32 41 158457 12 158457
1000 0.2 33 42 159279 12 159279
1000 0.2 34 41 158046 12 158046
1000 0.2 35 41 160241 12 160241
1000 0.2 36 43 158516 12 158516
1000 0.2 37 41 160200 13 160200
1000 0.2 38 41 159200 13 159200
1000 0.2 39 42 160424 12 160424
1000 0.2 40 41 159590 12 159590
1000 0.2 41 41 160339 13 160339
1000 0.2 42 41 161033 13 161033
1000 0.2 43 41 159895 13 159895
1000 0.2 44 41 160401 13 160401
1000 0.2 45 41 160575 12 160575
1000 0.2 46 42 161553 12 161553
1000 0.2 47 41 159490 13 159490
1000 0.2 48 44 158974 12 158974
1000 0.2 49 41 159047 12 159047
1000 0.2 50 41 159432 13 159432
1000 0.3 0 59 359157 18 359157
1000 0.3 1 59 359977 18 359977
1000 0.3 2 59 362000 18 362000
1000 0.3 3 59 360719 18 360719
1000 0.3 4 58 359709 19 359709
1000 0.3 5 59 358719 18 358719
1000 0.3 6 69 360563 21 360563
1000 0.3 7 69 358585 21 358585
1000 0.3 8 59 361171 19 361171
1000 0.3 9 61 358565 18 358565
1000 0.3 10 58 359573 18 359573
1000 0.3 11 58 357937 18 357937
1000 0.3 12 58 358913 18 358913
1000 0.3 13 58 359407 18 359407
1000 0.3 14 59 359401 18 359401
1000 0.3 15 59 359903 18 359903
1000 0.3 16 59 359162 19 359162
1000 0.3 17 59 358396 18 358396
1000 0.3 18 59 359063 18 359063
1000 0.3 19 58 358059 17 358059
1000 0.3 20 58 359985 19 359985
1000 0.3 21 61 360575 18 360575
1000 0.3 22 59 359441 18 359441
1000 0.3 23 59 361648 18 361648
1000 0.3 24 59 359227 18 359227
1000 0.3 25 58 358673 19 358673
1000 0.3 26 59 360540 19 360540
1000 0.3 27 59 359278 18 359278
1000 0.3 28 58 359302 18 359302
1000 0.3 29 58 360328 19 360328
1000 0.3 30 58 358587 18 358587
1000 0.3 31 58 359851 19 359851
1000 0.3 32 61 357653 18 357653
1000 0.3 33 58 360567 19 360567
1000 0.3 34 58 358865 19 358865
1000 0.3 35 58 358711 18 358711
1000 0.3 36 58 359044 19 359044
1000 0.3 37 59 360323 18 360323
1000 0.3 38 59 362932 19 362932
1000 0.3 39 59 360520 18 360520
1000 0.3 40 59 360357 18 360357
1000 0.3 41 59 358005 18 358005
1000 0.3 42 61 360309 19 360309
1000 0.3 43 59 358251 18 358251
1000 0.3 44 59 358956 18 358956
1000 0.3 45 58 360020 18 360020
1000 0.3 46 58 358767 18 358767
1000 0.3 47 59 356669 18 356669
1000 0.3 48 59 357858 18 357858
1000 0.3 49 58 359494 18 359494
1000 0.3 50 59 359437 18 359437
2000 0.01 0 60 9279 22100 8982
2000 0.01 1 61 9304 22165 8803
2000 0.01 2 50 9477 22425 8974
2000 0.01 3 54 9622 22296 9485
2000 0.01 4 51 9367 22769 9101
2000 0.01 5 51 9107 23024 8825
2000 0.01 6 50 9304 22469 8974
2000 0.01 7 51 9291 22514 8954
2000 0.01 8 56 9270 21180 9136
2000 0.01 9 49 9182 22158 9037
2000 0.01 10 49 9391 21744 9329
2000 0.01 11 51 9389 22056 9230
2000 0.01 12 50 9333 23294 9119
2000 0.01 13 55 9055 23154 8913
2000 0.01 14 55 9084 21352 8851
2000 0.01 15 64 9642 21901 9358
2000 0.01 16 50 8906 21838 8913
2000 0.01 17 51 9552 21639 9053
2000 0.01 18 63 9182 21376 8988
2000 0.01 19 49 9501 21709 9205
2000 0.01 20 50 9313 22223 9177
2000 0.01 21 52 9279 21373 8919
2000 0.01 22 50 9217 21349 8866
2000 0.01 23 50 9355 21601 8936
2000 0.01 24 51 9661 21382 9432
2000 0.01 25 50 9171 21709 9037
2000 0.01 26 51 9469 22113 8987
2000 0.01 27 51 9195 22565 8828
2000 0.01 28 57 9534 21338 9135
2000 0.01 29 57 9239 21512 8912
2000 0.01 30 62 9331 21822 9205
2000 0.01 31 54 9118 21761 8995
2000 0.01 32 50 9260 22711 9225
2000 0.01 33 49 9455 21162 9332
2000 0.01 34 57 9379 21244 8879
2000 0.01 35 57 9193 21444 9094
2000 0.01 36 81 9334 21827 8863
2000 0.01 37 49 9593 21752 9192
2000 0.01 38 49 9685 22527 9080
2000 0.01 39 52 9389 22718 9076
2000 0.01 40 55 9268 23784 9002
2000 0.01 41 52 9140 23220 9022
2000 0.01 42 49 9428 22346 9268
2000 0.01 43 56 9067 23414 8829
2000 0.01 44 49 9253 20923 8879
2000 0.01 45 48 9229 22016 8969
2000 0.01 46 55 9351 23201 9083
2000 0.01 47 62 9354 21606 8906
2000 0.01 48 51 9290 21878 9266
2000 0.01 49 51 9489 21716 9216
2000 0.01 50 49 9112 21636 9129
2000 0.02 0 62 14160 9917 14668
2000 0.02 1 55 14603 10873 14963
2000 0.02 2 55 14375 10079 14453
2000 0.02 3 61 14613 10814 14938
2000 0.02 4 68 14348 10440 14801
2000 0.02 5 55 14342 10378 14844
2000 0.02 6 59 14585 10848 14927
2000 0.02 7 67 14308 10585 14905
2000 0.02 8 56 14179 10521 14658
2000 0.02 9 56 14554 10471 14980
2000 0.02 10 56 14906 11347 15085
2000 0.02 11 61 14657 10150 14757
2000 0.02 12 66 14526 10353 14964
2000 0.02 13 61 14554 10179 14783
2000 0.02 14 56 14560 10496 14917
2000 0.02 15 63 14264 10853 14611
2000 0.02 16 70 14208 10810 14629
2000 0.02 17 56 14410 10472 14811
2000 0.02 18 58 14474 11008 15075
2000 0.02 19 59 14252 10733 14685
2000 0.02 20 55 14147 10602 14545
2000 0.02 21 57 14439 10551 14680
2000 0.02 22 55 14301 10613 14677
2000 0.02 23 61 14308 10760 14902
2000 0.02 24 57 14671 10762 15008
2000 0.02 25 64 13968 10048 14458
2000 0.02 26 57 14409 10368 14716
2000 0.02 27 57 14377 10629 14666
2000 0.02 28 58 14513 10732 14825
2000 0.02 29 61 14317 10380 14536
2000 0.02 30 55 14198 10247 14352
2000 0.02 31 55 14112 10697 14700
2000 0.02 32 58 14568 10711 15004
2000 0.02 33 56 14482 10729 14797
2000 0.02 34 67 14410 10969 14519
2000 0.02 35 59 14299 11217 14850
2000 0.02 36 70 14410 11650 14619
2000 0.02 37 68 14349 11861 14549
2000 0.02 38 64 14559 10890 14698
2000 0.02 39 63 14506 10457 14770
2000 0.02 40 61 14573 10573 14835
2000 0.02 41 56 14277 10568 14641
2000 0.02 42 58 14563 10742 14839
2000 0.02 43 57 14589 10726 14963
2000 0.02 44 63 14548 10814 14827
2000 0.02 45 63 13942 10435 14459
2000 0.02 46 62 14710 11068 14951
2000 0.02 47 64 14287 10924 14893
2000 0.02 48 61 14208 10510 14568
2000 0.02 49 56 14044 10662 14609
2000 0.02 50 57 14299 10944 14661
2000 0.03 0 62 20298 3809 20591
2000 0.03 1 62 20043 4153 20362
2000 0.03 2 66 20324 4229 20662
2000 0.03 3 64 20359 3999 20503
2000 0.03 4 63 19856 3943 20123
2000 0.03 5 62 19937 3588 20129
2000 0.03 6 63 20312 4036 20489
2000 0.03 7 63 19820 3651 20011
2000 0.03 8 63 20443 4062 20785
2000 0.03 9 67 20006 3720 20324
2000 0.03 10 74 20233 3728 20374
2000 0.03 11 68 19986 3828 20257
2000 0.03 12 71 19984 3879 20204
2000 0.03 13 67 20186 4042 20428
2000 0.03 14 62 20158 3867 20421
2000 0.03 15 64 20031 3611 20192
2000 0.03 16 70 20344 3928 20558
2000 0.03 17 64 19345 3430 19594
2000 0.03 18 72 19745 4075 19909
2000 0.03 19 63 19993 3917 20255
2000 0.03 20 71 20101 3905 20354
2000 0.03 21 68 20106 4052 20292
2000 0.03 22 67 20114 4145 20357
2000 0.03 23 64 19929 3725 20252
2000 0.03 24 69 19927 3881 20106
2000 0.03 25 62 20199 3840 20447
2000 0.03 26 71 20090 3791 20351
2000 0.03 27 64 20498 3960 20691
2000 0.03 28 63 20291 4067 20645
2000 0.03 29 62 20029 4074 20459
2000 0.03 30 68 19986 3988 20148
2000 0.03 31 65 19842 3915 20244
2000 0.03 32 64 20004 3856 20204
2000 0.03 33 64 19850 3842 20174
2000 0.03 34 68 20313 3932 20543
2000 0.03 35 73 20047 3906 20391
2000 0.03 36 64 20380 3909 20538
2000 0.03 37 64 20088 3749 20339
2000 0.03 38 71 20484 3753 20625
2000 0.03 39 63 20373 3848 20538
2000 0.03 40 65 19617 3935 19972
2000 0.03 41 66 20278 4010 20603
2000 0.03 42 62 20229 4120 20579
2000 0.03 43 62 20192 3950 20355
2000 0.03 44 65 20610 4289 20836
2000 0.03 45 63 20150 3950 20480
2000 0.03 46 64 20482 4261 20761
2000 0.03 47 72 19970 3889 20230
2000 0.03 48 65 19692 4047 20042
2000 0.03 49 64 19960 3620 20143
2000 0.03 50 63 20176 3814 20311
2000 0.04 0 67 28417 947 28433
2000 0.04 1 76 28053 940 28093
2000 0.04 2 69 28290 933 28323
2000 0.04 3 80 28089 928 28111
2000 0.04 4 66 28353 1051 28373
2000 0.04 5 67 28204 882 28237
2000 0.04 6 69 28523 1147 28507
2000 0.04 7 68 28097 1020 28158
2000 0.04 8 69 28325 1037 28317
2000 0.04 9 67 28356 1016 28388
2000 0.04 10 77 28555 1093 28605
2000 0.04 11 68 28239 870 28267
2000 0.04 12 68 27900 742 27926
2000 0.04 13 66 28653 953 28638
2000 0.04 14 69 28332 1127 28380
2000 0.04 15 71 28294 1023 28316
2000 0.04 16 85 28362 1060 28416
2000 0.04 17 72 28226 1015 28271
2000 0.04 18 69 27849 1005 27847
2000 0.04 19 68 28433 1143 28421
2000 0.04 20 67 28330 1156 28376
2000 0.04 21 69 28930 1176 28974
2000 0.04 22 73 28748 1139 28761
2000 0.04 23 69 28327 1077 28370
2000 0.04 24 67 28338 1092 28383
2000 0.04 25 74 28273 1121 28301
2000 0.04 26 69 28190 907 28213
2000 0.04 27 68 28177 946 28199
2000 0.04 28 68 28275 1042 28355
2000 0.04 29 68 28390 978 28400
2000 0.04 30 69 28179 1232 28189
2000 0.04 31 83 28544 1322 28612
2000 0.04 32 74 28443 1157 28471
2000 0.04 33 72 28335 1015 28395
2000 0.04 34 69 27824 1033 27888
2000 0.04 35 70 28484 1194 28557
2000 0.04 36 90 28358 1274 28402
2000 0.04 37 73 28292 1020 28319
2000 0.04 38 75 28498 988 28509
2000 0.04 39 68 28662 1202 28747
2000 0.04 40 96 28466 1239 28544
2000 0.04 41 80 28163 970 28260
2000 0.04 42 72 28405 1084 28445
2000 0.04 43 70 28090 1070 28104
2000 0.04 44 70 28288 1003 28346
2000 0.04 45 66 28453 1013 28452
2000 0.04 46 68 28113 986 28164
2000 0.04 47 82 28450 1141 28463
2000 0.04 48 68 28276 1001 28329
2000 0.04 49 66 28319 940 28389
2000 0.04 50 73 28409 895 28440
2000 0.05 0 78 40860 200 40865
2000 0.05 1 73 41189 195 41189
2000 0.05 2 72 40721 162 40725
2000 0.05 3 71 41037 177 41037
2000 0.05 4 74 41199 268 41214
2000 0.05 5 73 41095 189 41095
2000 0.05 6 76 40412 141 40412
2000 0.05 7 73 40432 156 40432
2000 0.05 8 73 40501 180 40510
2000 0.05 9 71 41028 228 41028
2000 0.05 10 72 40168 117 40168
2000 0.05 11 73 41073 219 41073
2000 0.05 12 78 41284 171 41284
2000 0.05 13 74 40276 189 40286
2000 0.05 14 72 41470 227 41473
2000 0.05 15 73 41156 228 41156
2000 0.05 16 76 40317 102 40317
2000 0.05 17 73 40465 169 40465
2000 0.05 18 73 40567 142 40567
2000 0.05 19 73 41176 195 41176
2000 0.05 20 72 40749 234 40749
2000 0.05 21 74 40572 159 40572
2000 0.05 22 72 40552 180 40553
2000 0.05 23 73 40528 151 40528
2000 0.05 24 82 40832 240 40832
2000 0.05 25 75 40553 182 40553
2000 0.05 26 73 40813 211 40813
2000 0.05 27 78 40687 193 40687
2000 0.05 28 75 40698 160 40698
2000 0.05 29 79 40579 251 40584
2000 0.05 30 74 40404 150 40404
2000 0.05 31 80 40327 149 40327
2000 0.05 32 73 40554 156 40554
2000 0.05 33 84 40908 219 40908
2000 0.05 34 77 40810 155 40810
2000 0.05 35 86 40301 167 40301
2000 0.05 36 77 41183 194 41183
2000 0.05 37 105 40231 160 40231
2000 0.05 38 97 40233 202 40233
2000 0.05 39 102 40184 203 40192
2000 0.05 40 74 40444 199 40449
2000 0.05 41 73 40456 213 40456
2000 0.05 42 77 40875 226 40875
2000 0.05 43 73 40573 209 40573
2000 0.05 44 72 40894 175 40894
2000 0.05 45 76 40783 174 40783
2000 0.05 46 74 40908 195 40908
2000 0.05 47 72 40661 162 40661
2000 0.05 48 76 40570 174 40570
2000 0.05 49 72 40962 204 40962
2000 0.05 50 74 40542 196 40542
2000 0.1 0 100 160464 29 160464
2000 0.1 1 99 159596 30 159596
2000 0.1 2 97 159757 29 159757
2000 0.1 3 97 158911 29 158911
2000 0.1 4 117 160606 31 160606
2000 0.1 5 97 159258 29 159258
2000 0.1 6 97 160514 29 160514
2000 0.1 7 98 159502 28 159502
2000 0.1 8 97 160129 29 160129
2000 0.1 9 104 159837 29 159837
2000 0.1 10 97 159884 29 159884
2000 0.1 11 98 160278 29 160278
2000 0.1 12 98 159938 28 159938
2000 0.1 13 109 159879 28 159879
2000 0.1 14 100 161244 31 161244
2000 0.1 15 99 160210 29 160210
2000 0.1 16 98 160024 28 160024
2000 0.1 17 96 160819 29 160819
2000 0.1 18 104 160704 29 160704
2000 0.1 19 102 159850 29 159850
2000 0.1 20 100 160164 29 160164
2000 0.1 21 99 160281 29 160281
2000 0.1 22 110 160028 29 160028
2000 0.1 23 100 160418 29 160418
2000 0.1 24 98 158641 29 158641
2000 0.1 25 97 159878 28 159878
2000 0.1 26 109 159274 29 159274
2000 0.1 27 99 159398 29 159398
2000 0.1 28 100 159876 28 159876
2000 0.1 29 97 159952 29 159952
2000 0.1 30 101 159775 29 159775
2000 0.1 31 99 159403 28 159403
2000 0.1 32 97 160297 29 160297
2000 0.1 33 100 160682 29 160682
2000 0.1 34 103 160220 29 160220
2000 0.1 35 99 160461 29 160461
2000 0.1 36 98 158833 29 158833
2000 0.1 37 104 160155 30 160155
2000 0.1 38 101 158791 30 158791
2000 0.1 39 98 159094 28 159094
2000 0.1 40 98 159393 28 159393
2000 0.1 41 102 160114 28 160114
2000 0.1 42 98 159827 29 159827
2000 0.1 43 99 160325 29 160325
2000 0.1 44 106 159203 28 159203
2000 0.1 45 97 159115 29 159115
2000 0.1 46 97 159831 29 159831
2000 0.1 47 104 159988 28 159988
2000 0.1 48 97 160591 28 160591
2000 0.1 49 97 159444 29 159444
2000 0.1 50 105 160178 30 160178
2000 0.2 0 165 639759 55 639759
2000 0.2 1 166 638558 49 638558
2000 0.2 2 175 638384 50 638384
2000 0.2 3 163 637129 50 637129
2000 0.2 4 165 640419 51 640419
2000 0.2 5 174 638787 51 638787
2000 0.2 6 166 638922 50 638922
2000 0.2 7 167 639052 51 639052
2000 0.2 8 172 638758 49 638758
2000 0.2 9 165 640856 51 640856
2000 0.2 10 164 640812 61 640812
2000 0.2 11 167 641277 50 641277
2000 0.2 12 164 638241 49 638241
2000 0.2 13 170 642227 51 642227
2000 0.2 14 166 639423 50 639423
2000 0.2 15 168 641927 55 641927
2000 0.2 16 164 639241 49 639241
2000 0.2 17 168 642369 51 642369
2000 0.2 18 176 639693 49 639693
2000 0.2 19 163 639512 49 639512
2000 0.2 20 168 638576 52 638576
2000 0.2 21 163 640298 49 640298
2000 0.2 22 168 636632 49 636632
2000 0.2 23 165 640835 49 640835
2000 0.2 24 171 637899 51 637899
2000 0.2 25 166 638835 49 638835
2000 0.2 26 171 637706 50 637706
2000 0.2 27 166 638548 50 638548
2000 0.2 28 168 637890 50 637890
2000 0.2 29 170 637643 50 637643
2000 0.2 30 170 639499 49 639499
2000 0.2 31 163 639381 49 639381
2000 0.2 32 167 639487 49 639487
2000 0.2 33 161 640155 50 640155
2000 0.2 34 168 639741 52 639741
2000 0.2 35 169 638997 49 638997
2000 0.2 36 164 638937 49 638937
2000 0.2 37 173 638692 51 638692
2000 0.2 38 163 637594 50 637594
2000 0.2 39 170 640344 51 640344
2000 0.2 40 181 640464 50 640464
2000 0.2 41 168 640106 50 640106
2000 0.2 42 169 641372 50 641372
2000 0.2 43 165 638714 50 638714
2000 0.2 44 169 638258 55 638258
2000 0.2 45 165 639683 51 639683
2000 0.2 46 166 641129 49 641129
2000 0.2 47 170 640081 50 640081
2000 0.2 48 162 639222 50 639222
2000 0.2 49 164 636150 49 636150
2000 0.2 50 172 639485 50 639485
2000 0.3 0 235 1440666 72 1440666
2000 0.3 1 245 1439646 72 1439646
2000 0.3 2 234 1437503 71 1437503
2000 0.3 3 234 1433910 77 1433910
2000 0.3 4 233 1438299 72 1438299
2000 0.3 5 235 1432064 71 1432064
2000 0.3 6 239 1441453 71 1441453
2000 0.3 7 233 1439055 73 1439055
2000 0.3 8 237 1433776 71 1433776
2000 0.3 9 233 1437096 71 1437096
2000 0.3 10 243 1439674 72 1439674
2000 0.3 11 237 1437188 72 1437188
2000 0.3 12 245 1438082 74 1438082
2000 0.3 13 241 1440682 73 1440682
2000 0.3 14 247 1442811 72 1442811
2000 0.3 15 233 1439245 72 1439245
2000 0.3 16 239 1435471 73 1435471
2000 0.3 17 238 1435717 75 1435717
2000 0.3 18 239 1441426 72 1441426
2000 0.3 19 238 1442192 75 1442192
2000 0.3 20 237 1441221 71 1441221
2000 0.3 21 233 1439760 77 1439760
2000 0.3 22 234 1439254 72 1439254
2000 0.3 23 238 1439687 72 1439687
2000 0.3 24 240 1440422 73 1440422
2000 0.3 25 246 1437311 71 1437311
2000 0.3 26 241 1439780 72 1439780
2000 0.3 27 233 1439013 72 1439013
2000 0.3 28 236 1439010 72 1439010
2000 0.3 29 239 1440216 72 1440216
2000 0.3 30 234 1439674 71 1439674
2000 0.3 31 239 1438290 72 1438290
2000 0.3 32 236 1439482 72 1439482
2000 0.3 33 231 1438459 81 1438459
2000 0.3 34 232 1439325 72 1439325
2000 0.3 35 241 1442351 73 1442351
2000 0.3 36 250 1441408 73 1441408
2000 0.3 37 231 1442313 73 1442313
2000 0.3 38 239 1434120 72 1434120
2000 0.3 39 232 1440907 87 1440907
2000 0.3 40 234 1441393 72 1441393
2000 0.3 41 233 1440800 78 1440800
2000 0.3 42 234 1439159 71 1439159
2000 0.3 43 254 1441239 72 1441239
2000 0.3 44 237 1437015 72 1437015
2000 0.3 45 235 1442030 72 1442030
2000 0.3 46 237 1437868 71 1437868
2000 0.3 47 233 1437247 71 1437247
2000 0.3 48 247 1437826 73 1437826
2000 0.3 49 233 1438258 71 1438258
2000 0.3 50 235 1438953 73 1438953
