##############################
5 0.01 0 14 0 0 0 1 0 1 0
5 0.01 1 0 0 0 0 0 0 0 0
5 0.01 2 0 0 0 0 0 0 0 0
5 0.01 3 0 0 1 0 0 0 0 0
5 0.01 4 0 0 0 0 0 0 0 0
5 0.01 5 0 0 0 0 0 0 0 0
5 0.01 6 0 0 0 0 0 0 0 0
5 0.01 7 0 0 0 0 0 0 0 0
5 0.01 8 0 0 0 0 0 0 0 0
5 0.01 9 0 0 0 0 0 0 0 0
5 0.01 10 0 0 0 0 0 0 0 0
5 0.01 11 0 0 0 0 0 0 0 0
5 0.01 12 0 0 0 0 0 0 0 0
5 0.01 13 0 0 0 0 0 0 0 0
5 0.01 14 1 0 0 0 0 0 0 0
5 0.01 15 0 0 0 0 0 0 0 0
5 0.01 16 0 0 0 0 0 0 0 0
5 0.01 17 0 0 0 0 0 0 0 0
5 0.01 18 0 0 0 0 0 0 0 0
5 0.01 19 0 0 0 0 0 0 0 0
5 0.01 20 0 0 0 0 0 0 0 0
5 0.01 21 0 0 0 0 0 0 0 0
5 0.01 22 0 0 0 0 0 0 0 0
5 0.01 23 0 0 0 0 0 0 0 0
5 0.01 24 0 0 0 0 0 0 0 0
5 0.01 25 0 0 0 0 0 0 0 0
5 0.01 26 0 0 0 0 0 0 0 0
5 0.01 27 0 0 0 0 0 0 0 0
5 0.01 28 0 0 0 0 0 0 0 0
5 0.01 29 0 0 0 0 0 0 0 0
5 0.01 30 0 0 0 0 0 0 0 0
5 0.01 31 0 0 0 0 0 0 0 0
5 0.01 32 0 0 0 0 0 0 0 0
5 0.01 33 0 0 0 0 0 0 0 0
5 0.01 34 0 0 0 0 1 0 0 0
5 0.01 35 0 0 0 0 0 0 0 0
5 0.01 36 0 0 0 0 0 0 0 0
5 0.01 37 0 0 0 0 0 0 0 0
5 0.01 38 0 0 0 0 0 0 0 0
5 0.01 39 0 0 0 0 0 0 0 0
5 0.01 40 0 0 0 0 0 0 0 0
5 0.01 41 0 0 0 0 0 0 0 0
5 0.01 42 0 0 0 0 0 0 0 0
5 0.01 43 0 0 0 0 0 0 0 0
5 0.01 44 0 0 0 0 0 0 0 0
5 0.01 45 0 0 0 0 0 0 0 0
5 0.01 46 0 0 0 0 0 0 0 0
5 0.01 47 0 0 0 0 0 0 0 0
5 0.01 48 0 0 0 0 0 0 0 0
5 0.01 49 0 0 0 0 0 0 1 0
5 0.01 50 0 0 0 0 0 0 0 0
5 0.02 0 0 0 0 0 0 0 0 0
5 0.02 1 0 0 0 0 0 0 0 0
5 0.02 2 0 1 1 1 1 1 17 1
5 0.02 3 0 0 0 0 0 0 0 0
5 0.02 4 0 0 0 0 0 0 0 0
5 0.02 5 0 0 0 0 1 0 0 0
5 0.02 6 0 0 0 0 0 0 0 0
5 0.02 7 0 0 0 0 0 0 0 0
5 0.02 8 0 0 0 0 0 0 0 0
5 0.02 9 0 0 0 0 0 0 0 0
5 0.02 10 0 0 0 0 0 0 0 0
5 0.02 11 0 0 0 0 0 0 0 0
5 0.02 12 0 0 0 0 0 0 0 0
5 0.02 13 0 0 0 0 0 0 0 0
5 0.02 14 0 0 0 0 0 0 0 0
5 0.02 15 0 0 0 0 0 0 0 0
5 0.02 16 0 0 0 0 0 0 0 0
5 0.02 17 0 0 0 0 0 0 0 0
5 0.02 18 0 0 0 0 0 0 0 0
5 0.02 19 0 0 0 0 0 0 0 0
5 0.02 20 0 1 0 1 0 1 0 1
5 0.02 21 0 0 0 0 0 0 0 0
5 0.02 22 0 0 0 0 0 0 0 0
5 0.02 23 0 0 0 0 0 0 0 0
5 0.02 24 0 0 0 0 0 0 0 0
5 0.02 25 0 0 0 0 0 0 0 0
5 0.02 26 0 3 0 3 0 3 0 3
5 0.02 27 0 0 0 0 0 0 0 0
5 0.02 28 0 0 0 0 0 0 0 0
5 0.02 29 0 0 0 0 0 0 0 0
5 0.02 30 0 0 0 0 0 0 0 0
5 0.02 31 0 0 0 0 0 0 0 0
5 0.02 32 0 0 0 0 0 0 0 0
5 0.02 33 0 0 0 0 0 0 0 0
5 0.02 34 0 0 0 0 0 0 0 0
5 0.02 35 0 0 0 0 0 0 0 0
5 0.02 36 0 0 0 0 0 0 0 0
5 0.02 37 0 0 0 0 0 0 0 0
5 0.02 38 0 0 0 0 0 0 0 0
5 0.02 39 0 0 0 0 0 0 0 0
5 0.02 40 0 0 0 0 0 0 0 0
5 0.02 41 0 0 0 0 0 0 0 0
5 0.02 42 0 0 0 0 0 0 0 0
5 0.02 43 0 0 0 0 0 0 0 0
5 0.02 44 0 0 0 0 0 0 0 0
5 0.02 45 0 0 0 0 0 0 0 0
5 0.02 46 0 0 0 0 0 0 0 0
5 0.02 47 0 0 0 0 0 0 0 0
5 0.02 48 0 0 0 0 0 0 0 0
5 0.02 49 0 0 0 0 0 0 0 0
5 0.02 50 0 0 0 0 0 0 0 0
5 0.03 0 0 0 0 0 0 0 0 0
5 0.03 1 0 0 0 0 0 0 0 0
5 0.03 2 0 1 0 1 0 1 0 1
5 0.03 3 0 0 0 0 0 0 0 0
5 0.03 4 0 0 0 0 0 0 0 0
5 0.03 5 0 0 0 0 0 0 0 0
5 0.03 6 0 0 0 0 0 0 0 0
5 0.03 7 0 1 0 1 0 1 0 1
5 0.03 8 0 3 0 3 0 3 0 3
5 0.03 9 0 1 0 1 0 1 0 1
5 0.03 10 0 0 0 0 0 0 0 0
5 0.03 11 0 0 0 0 0 0 0 0
5 0.03 12 0 0 0 0 0 0 0 0
5 0.03 13 0 0 0 0 0 0 0 0
5 0.03 14 0 1 0 1 0 1 0 1
5 0.03 15 0 1 0 1 0 1 0 1
5 0.03 16 0 0 0 0 0 0 0 0
5 0.03 17 0 0 0 0 0 0 0 0
5 0.03 18 0 0 0 0 0 0 0 0
5 0.03 19 0 3 0 3 0 3 0 3
5 0.03 20 0 0 0 0 0 0 0 0
5 0.03 21 0 0 0 0 0 0 0 0
5 0.03 22 0 0 0 0 0 0 0 0
5 0.03 23 0 0 0 0 0 0 0 0
5 0.03 24 0 0 0 0 0 0 0 0
5 0.03 25 0 0 0 0 0 0 0 0
5 0.03 26 0 0 0 0 0 0 0 0
5 0.03 27 0 0 0 0 0 0 0 0
5 0.03 28 0 0 0 0 0 0 0 0
5 0.03 29 0 0 0 0 0 0 0 0
5 0.03 30 0 1 0 1 0 1 0 1
5 0.03 31 0 0 0 0 0 0 0 0
5 0.03 32 0 0 0 0 0 0 0 0
5 0.03 33 0 0 0 0 0 0 0 0
5 0.03 34 0 1 0 1 0 1 0 1
5 0.03 35 0 0 0 0 0 0 0 0
5 0.03 36 0 0 0 0 0 0 0 0
5 0.03 37 0 0 0 0 0 0 0 0
5 0.03 38 0 0 0 0 0 0 0 0
5 0.03 39 0 0 0 0 0 0 0 0
5 0.03 40 0 0 0 0 0 0 0 0
5 0.03 41 0 0 0 0 0 0 0 0
5 0.03 42 0 0 0 0 0 0 0 0
5 0.03 43 0 1 0 1 0 1 1 1
5 0.03 44 0 0 0 0 0 0 0 0
5 0.03 45 0 1 0 1 0 1 0 1
5 0.03 46 0 0 0 0 0 0 0 0
5 0.03 47 0 0 0 0 0 0 0 0
5 0.03 48 0 1 1 1 0 1 1 1
5 0.03 49 0 1 0 1 0 1 0 1
5 0.03 50 0 0 0 0 0 0 0 0
5 0.04 0 0 0 0 0 0 0 0 0
5 0.04 1 0 0 0 0 0 0 0 0
5 0.04 2 0 0 0 0 0 0 0 0
5 0.04 3 0 0 0 0 0 0 0 0
5 0.04 4 0 0 0 0 0 0 0 0
5 0.04 5 0 0 0 0 0 0 0 0
5 0.04 6 0 0 0 0 0 0 0 0
5 0.04 7 0 0 0 0 0 0 0 0
5 0.04 8 0 0 0 0 0 0 0 0
5 0.04 9 0 3 0 3 0 3 0 3
5 0.04 10 0 3 0 3 0 3 0 3
5 0.04 11 0 0 0 0 0 0 0 0
5 0.04 12 0 0 0 0 0 0 0 0
5 0.04 13 1 0 0 0 0 0 0 0
5 0.04 14 0 0 0 0 0 0 0 0
5 0.04 15 0 0 0 0 0 0 0 0
5 0.04 16 0 0 0 0 0 0 0 0
5 0.04 17 0 0 0 0 0 0 0 0
5 0.04 18 0 0 0 0 0 0 0 0
5 0.04 19 0 1 0 1 0 1 0 1
5 0.04 20 0 0 0 0 0 0 0 0
5 0.04 21 0 0 0 0 0 0 0 0
5 0.04 22 0 0 0 0 3 0 0 0
5 0.04 23 0 0 0 0 0 0 0 0
5 0.04 24 0 1 0 1 0 1 0 1
5 0.04 25 0 0 0 0 0 0 0 0
5 0.04 26 0 0 0 0 0 0 0 0
5 0.04 27 0 0 0 0 0 0 0 0
5 0.04 28 0 0 0 0 0 0 0 0
5 0.04 29 0 0 0 0 0 0 0 0
5 0.04 30 0 1 0 1 0 1 0 1
5 0.04 31 0 0 0 0 0 0 0 0
5 0.04 32 0 0 0 0 0 0 0 0
5 0.04 33 0 0 0 0 0 0 0 0
5 0.04 34 0 1 0 1 0 1 0 1
5 0.04 35 0 0 0 0 0 0 0 0
5 0.04 36 0 0 0 0 0 0 0 0
5 0.04 37 0 0 0 0 0 0 0 0
5 0.04 38 0 3 0 2 0 3 0 3
5 0.04 39 0 0 0 0 0 0 0 0
5 0.04 40 0 0 0 0 0 0 0 0
5 0.04 41 0 0 0 0 0 0 0 0
5 0.04 42 0 0 0 0 0 0 0 0
5 0.04 43 0 1 0 1 0 1 0 1
5 0.04 44 0 0 0 0 0 0 0 0
5 0.04 45 0 0 0 0 0 0 0 0
5 0.04 46 0 0 0 0 0 0 0 0
5 0.04 47 0 0 0 0 0 0 0 0
5 0.04 48 0 0 0 0 0 0 0 0
5 0.04 49 0 0 0 0 0 0 0 0
5 0.04 50 0 3 1 3 0 3 0 3
5 0.05 0 0 1 0 1 0 1 0 1
5 0.05 1 0 0 0 0 0 0 0 0
5 0.05 2 0 1 0 1 0 1 0 1
5 0.05 3 0 0 0 0 0 0 0 0
5 0.05 4 0 0 0 0 0 0 0 0
5 0.05 5 0 0 0 0 0 0 0 0
5 0.05 6 0 0 0 0 0 0 0 0
5 0.05 7 1 0 0 0 0 0 0 0
5 0.05 8 0 0 0 0 0 0 0 0
5 0.05 9 0 0 0 0 0 0 0 0
5 0.05 10 0 0 0 0 0 0 0 0
5 0.05 11 0 1 0 1 1 1 0 1
5 0.05 12 1 0 0 0 0 0 0 0
5 0.05 13 0 0 0 0 0 0 0 0
5 0.05 14 0 1 0 1 0 1 0 1
5 0.05 15 0 1 0 1 0 1 1 1
5 0.05 16 0 0 0 0 0 0 0 0
5 0.05 17 0 3 0 2 0 3 0 3
5 0.05 18 0 0 0 0 0 0 0 0
5 0.05 19 0 0 0 0 0 0 0 0
5 0.05 20 0 0 0 0 0 0 0 0
5 0.05 21 0 1 0 1 0 1 0 1
5 0.05 22 0 1 0 1 0 1 0 1
5 0.05 23 0 0 0 0 0 0 0 0
5 0.05 24 0 0 0 0 0 0 0 0
5 0.05 25 0 0 0 0 0 0 0 0
5 0.05 26 0 0 0 0 0 0 0 0
5 0.05 27 0 0 0 0 0 0 0 0
5 0.05 28 0 0 0 0 0 0 0 0
5 0.05 29 0 1 0 1 0 1 0 1
5 0.05 30 0 0 0 0 0 0 0 0
5 0.05 31 0 0 0 0 0 0 0 0
5 0.05 32 0 0 0 0 0 0 0 0
5 0.05 33 0 0 0 0 0 0 0 0
5 0.05 34 0 1 0 1 0 1 0 1
5 0.05 35 0 1 0 1 0 1 0 1
5 0.05 36 0 0 0 0 0 0 0 0
5 0.05 37 1 0 0 0 0 0 0 0
5 0.05 38 0 3 0 2 0 3 0 3
5 0.05 39 0 1 0 1 0 1 0 1
5 0.05 40 0 0 0 0 0 0 0 0
5 0.05 41 0 0 0 0 0 0 0 0
5 0.05 42 0 3 0 3 0 3 0 3
5 0.05 43 0 0 1 0 0 0 0 0
5 0.05 44 0 0 0 0 0 0 0 0
5 0.05 45 0 4 0 4 0 4 0 4
5 0.05 46 0 0 0 0 0 0 0 0
5 0.05 47 0 0 0 0 0 0 0 0
5 0.05 48 0 0 0 0 0 0 0 0
5 0.05 49 0 0 0 0 0 0 0 0
5 0.05 50 0 0 0 0 0 0 0 0
5 0.1 0 0 0 0 0 0 0 0 0
5 0.1 1 0 0 0 0 0 0 0 0
5 0.1 2 0 3 0 3 0 3 0 3
5 0.1 3 0 1 0 1 0 1 0 1
5 0.1 4 0 5 0 5 0 5 1 5
5 0.1 5 0 1 0 1 0 1 0 1
5 0.1 6 0 0 0 0 0 0 0 0
5 0.1 7 0 0 0 0 0 0 0 0
5 0.1 8 0 4 0 4 0 4 0 4
5 0.1 9 0 5 0 5 0 5 0 5
5 0.1 10 0 1 0 1 0 1 0 1
5 0.1 11 0 0 0 0 0 0 0 0
5 0.1 12 0 3 0 3 0 3 0 3
5 0.1 13 0 3 0 3 0 3 0 3
5 0.1 14 0 1 0 1 0 1 0 1
5 0.1 15 0 0 0 0 0 0 0 0
5 0.1 16 0 0 1 0 0 0 0 0
5 0.1 17 0 5 0 5 0 5 0 5
5 0.1 18 0 3 0 3 0 3 0 3
5 0.1 19 0 3 1 2 0 3 0 3
5 0.1 20 0 4 0 4 0 4 0 4
5 0.1 21 0 1 0 1 0 1 0 1
5 0.1 22 0 3 0 2 0 3 0 3
5 0.1 23 0 1 0 1 0 1 0 1
5 0.1 24 0 3 0 3 0 3 0 3
5 0.1 25 0 3 0 3 0 3 1 3
5 0.1 26 0 4 0 4 0 4 0 4
5 0.1 27 0 4 0 4 0 4 0 4
5 0.1 28 0 0 0 0 0 0 0 0
5 0.1 29 0 1 0 1 0 1 0 1
5 0.1 30 0 5 0 5 0 5 0 5
5 0.1 31 1 8 0 8 0 8 4 8
5 0.1 32 0 0 0 0 0 0 0 0
5 0.1 33 0 0 0 0 0 0 0 0
5 0.1 34 0 0 0 0 0 0 0 0
5 0.1 35 0 5 0 5 0 5 1 5
5 0.1 36 0 3 0 3 0 3 0 3
5 0.1 37 0 1 0 1 0 1 0 1
5 0.1 38 0 0 0 0 0 0 0 0
5 0.1 39 0 0 0 0 0 0 0 0
5 0.1 40 0 14 0 11 0 14 6 14
5 0.1 41 0 1 0 1 0 1 0 1
5 0.1 42 0 5 0 5 0 5 0 5
5 0.1 43 0 0 0 0 0 0 0 0
5 0.1 44 0 5 0 4 0 4 0 5
5 0.1 45 0 3 0 3 0 3 0 3
5 0.1 46 0 4 0 4 0 4 0 4
5 0.1 47 0 5 0 5 0 5 0 5
5 0.1 48 0 3 0 3 0 3 0 3
5 0.1 49 0 0 0 0 0 0 0 0
5 0.1 50 0 3 0 3 0 3 0 3
5 0.2 0 0 5 0 5 0 5 0 5
5 0.2 1 0 3 0 3 0 3 1 3
5 0.2 2 0 12 0 12 0 12 1 12
5 0.2 3 0 3 0 2 0 3 0 3
5 0.2 4 0 11 0 11 0 11 3 11
5 0.2 5 0 15 0 15 0 15 0 15
5 0.2 6 0 12 0 12 0 12 1 12
5 0.2 7 0 11 0 11 0 10 4 11
5 0.2 8 0 11 0 11 0 11 0 11
5 0.2 9 0 8 0 8 0 8 1 8
5 0.2 10 0 3 0 2 0 3 1 3
5 0.2 11 0 1 0 1 0 1 0 1
5 0.2 12 0 0 0 0 0 0 0 0
5 0.2 13 0 11 0 9 0 10 5 11
5 0.2 14 0 1 0 1 0 1 0 1
5 0.2 15 0 8 0 8 0 8 0 8
5 0.2 16 0 9 0 9 0 9 2 9
5 0.2 17 0 5 0 5 0 5 0 5
5 0.2 18 0 7 0 7 0 7 0 7
5 0.2 19 0 3 0 3 0 3 1 3
5 0.2 20 0 6 0 6 0 6 0 6
5 0.2 21 0 12 0 12 0 12 2 12
5 0.2 22 0 5 0 5 0 5 0 5
5 0.2 23 0 5 0 5 0 5 0 5
5 0.2 24 0 0 0 0 0 0 0 0
5 0.2 25 0 6 0 6 0 6 0 6
5 0.2 26 0 8 0 8 0 8 1 8
5 0.2 27 0 14 0 14 0 14 0 14
5 0.2 28 0 3 0 3 0 3 0 3
5 0.2 29 0 3 0 3 0 3 1 3
5 0.2 30 0 1 0 1 0 1 0 1
5 0.2 31 0 5 0 5 0 5 0 5
5 0.2 32 0 4 0 4 0 4 0 4
5 0.2 33 0 13 0 13 1 13 5 13
5 0.2 34 0 11 0 11 0 8 1 11
5 0.2 35 0 5 0 4 0 5 0 5
5 0.2 36 0 4 0 4 0 4 0 4
5 0.2 37 0 8 0 8 0 6 1 8
5 0.2 38 0 3 0 3 0 3 0 3
5 0.2 39 0 2 0 2 0 2 0 2
5 0.2 40 0 5 0 5 0 5 0 5
5 0.2 41 0 6 0 6 0 6 0 6
5 0.2 42 0 8 0 8 0 8 0 8
5 0.2 43 0 10 0 10 0 10 1 10
5 0.2 44 0 11 0 9 0 11 1 11
5 0.2 45 0 8 0 8 0 8 0 8
5 0.2 46 0 3 0 3 0 3 1 3
5 0.2 47 0 0 0 0 0 0 0 0
5 0.2 48 0 3 0 3 0 3 0 3
5 0.2 49 0 1 0 1 0 1 0 1
5 0.2 50 0 9 0 9 0 9 1 9
5 0.3 0 0 12 0 11 0 11 1 12
5 0.3 1 0 15 0 15 0 15 2 15
5 0.3 2 0 5 0 5 0 5 0 5
5 0.3 3 0 8 0 6 0 6 1 8
5 0.3 4 0 8 0 8 0 8 0 8
5 0.3 5 0 10 0 10 0 10 0 10
5 0.3 6 1 8 0 6 0 8 1 8
5 0.3 7 0 9 0 9 0 9 0 9
5 0.3 8 0 8 0 8 0 8 1 8
5 0.3 9 0 17 0 17 0 17 3 17
5 0.3 10 0 13 0 13 1 13 0 13
5 0.3 11 0 20 0 20 1 20 2 20
5 0.3 12 0 8 0 8 0 8 0 8
5 0.3 13 0 7 0 7 0 7 0 7
5 0.3 14 0 25 0 25 0 25 1 25
5 0.3 15 1 10 0 9 0 9 2 9
5 0.3 16 0 19 0 16 0 14 7 19
5 0.3 17 0 10 0 10 0 10 0 10
5 0.3 18 0 10 1 10 0 10 0 10
5 0.3 19 0 15 0 15 0 15 2 15
5 0.3 20 0 13 0 13 0 13 1 13
5 0.3 21 0 15 0 13 0 15 1 15
5 0.3 22 0 17 0 17 0 17 2 17
5 0.3 23 0 18 1 16 0 18 8 18
5 0.3 24 0 15 0 15 0 15 3 15
5 0.3 25 0 8 0 8 0 8 0 8
5 0.3 26 1 19 1 19 1 19 4 19
5 0.3 27 0 17 0 17 1 17 2 17
5 0.3 28 1 8 0 8 0 8 4 8
5 0.3 29 1 11 0 11 0 11 4 11
5 0.3 30 0 8 1 8 0 8 1 8
5 0.3 31 0 13 7 13 0 13 3 13
5 0.3 32 0 15 0 15 0 15 0 15
5 0.3 33 0 3 0 3 0 3 0 3
5 0.3 34 0 19 0 19 0 19 2 19
5 0.3 35 0 15 1 15 0 15 0 15
5 0.3 36 0 13 0 13 0 13 25 13
5 0.3 37 0 15 0 15 0 15 6 15
5 0.3 38 0 15 0 15 0 15 19 15
5 0.3 39 0 13 0 13 0 13 1 13
5 0.3 40 0 3 0 3 0 3 0 3
5 0.3 41 0 17 0 17 7 17 4 17
5 0.3 42 0 16 0 16 0 16 2 16
5 0.3 43 0 14 1 14 0 14 2 14
5 0.3 44 0 13 0 13 0 13 1 13
5 0.3 45 0 15 1 15 0 15 2 15
5 0.3 46 0 8 0 8 0 8 0 8
5 0.3 47 0 16 0 16 0 15 5 16
5 0.3 48 0 17 0 17 0 17 1 17
5 0.3 49 0 6 0 6 0 6 0 6
5 0.3 50 0 10 0 10 0 10 1 10
10 0.01 0 0 1 0 1 0 1 0 1
10 0.01 1 0 0 0 0 0 0 0 0
10 0.01 2 0 5 0 3 0 5 14 5
10 0.01 3 0 0 0 0 0 0 0 0
10 0.01 4 0 0 0 0 0 0 0 0
10 0.01 5 0 1 0 1 0 1 0 1
10 0.01 6 0 1 0 1 0 1 0 1
10 0.01 7 0 0 0 0 0 0 0 0
10 0.01 8 0 8 1 8 0 8 0 8
10 0.01 9 0 1 0 1 0 1 0 1
10 0.01 10 0 0 0 0 0 0 0 0
10 0.01 11 0 0 0 0 0 0 0 0
10 0.01 12 0 0 0 0 0 0 0 0
10 0.01 13 0 0 0 0 0 0 0 0
10 0.01 14 0 0 0 0 0 0 0 0
10 0.01 15 0 0 0 0 0 0 0 0
10 0.01 16 0 0 0 0 0 0 0 0
10 0.01 17 0 1 0 1 0 1 0 1
10 0.01 18 0 0 0 0 0 0 0 0
10 0.01 19 0 3 0 2 0 3 1 3
10 0.01 20 0 0 0 0 0 0 0 0
10 0.01 21 0 0 0 0 0 0 0 0
10 0.01 22 0 0 0 0 0 0 0 0
10 0.01 23 0 0 0 0 0 0 0 0
10 0.01 24 0 0 0 0 0 0 0 0
10 0.01 25 0 0 0 0 0 0 0 0
10 0.01 26 0 0 0 0 0 0 0 0
10 0.01 27 0 1 0 1 0 1 0 1
10 0.01 28 0 0 0 0 0 0 0 0
10 0.01 29 0 0 0 0 0 0 0 0
10 0.01 30 0 0 0 0 0 0 0 0
10 0.01 31 0 0 0 0 0 0 0 0
10 0.01 32 0 0 0 0 0 0 0 0
10 0.01 33 0 0 0 0 0 0 0 0
10 0.01 34 0 0 0 0 0 0 0 0
10 0.01 35 0 0 0 0 0 0 0 0
10 0.01 36 0 0 0 0 0 0 0 0
10 0.01 37 0 0 0 0 0 0 0 0
10 0.01 38 0 0 0 0 0 0 0 0
10 0.01 39 0 3 0 3 0 3 0 3
10 0.01 40 0 0 0 0 0 0 0 0
10 0.01 41 0 0 0 0 0 0 0 0
10 0.01 42 0 1 0 1 0 1 0 1
10 0.01 43 0 0 0 0 0 0 0 0
10 0.01 44 0 0 0 0 0 0 0 0
10 0.01 45 0 1 0 1 0 1 0 1
10 0.01 46 0 0 0 0 0 0 0 0
10 0.01 47 0 0 0 0 0 0 0 0
10 0.01 48 0 0 0 0 0 0 0 0
10 0.01 49 0 0 0 0 0 0 0 0
10 0.01 50 0 0 0 0 0 0 0 0
10 0.02 0 7 11 0 11 0 11 1 11
10 0.02 1 0 1 0 1 0 1 0 1
10 0.02 2 0 3 0 3 0 3 0 3
10 0.02 3 0 0 0 0 0 0 0 0
10 0.02 4 0 3 1 2 0 3 0 3
10 0.02 5 0 1 0 1 0 1 0 1
10 0.02 6 0 1 0 1 0 1 0 1
10 0.02 7 0 0 0 0 0 0 0 0
10 0.02 8 0 6 0 6 0 6 0 6
10 0.02 9 0 0 0 0 0 0 0 0
10 0.02 10 0 6 0 6 0 4 0 6
10 0.02 11 0 0 0 0 0 0 0 0
10 0.02 12 0 5 0 5 0 5 0 5
10 0.02 13 0 0 0 0 0 0 0 0
10 0.02 14 0 1 0 1 0 1 0 1
10 0.02 15 0 6 0 6 0 6 0 6
10 0.02 16 0 3 0 3 0 3 0 3
10 0.02 17 0 4 0 4 0 4 0 4
10 0.02 18 0 5 0 5 0 5 0 5
10 0.02 19 0 6 0 6 0 4 0 6
10 0.02 20 0 0 0 0 0 0 0 0
10 0.02 21 0 10 0 10 0 9 3 10
10 0.02 22 0 0 0 0 0 0 0 0
10 0.02 23 0 1 0 1 0 1 0 1
10 0.02 24 0 1 0 1 0 1 0 1
10 0.02 25 0 1 0 1 0 1 0 1
10 0.02 26 0 0 0 0 0 0 0 0
10 0.02 27 0 1 0 1 0 1 0 1
10 0.02 28 0 0 0 0 0 0 0 0
10 0.02 29 0 0 0 0 0 0 0 0
10 0.02 30 0 1 0 1 0 1 1 1
10 0.02 31 0 0 0 0 0 0 0 0
10 0.02 32 0 3 0 2 0 3 0 3
10 0.02 33 0 0 0 0 0 0 0 0
10 0.02 34 0 0 0 0 0 0 0 0
10 0.02 35 0 6 0 3 0 5 0 6
10 0.02 36 0 0 0 0 0 0 0 0
10 0.02 37 0 1 0 1 0 1 0 1
10 0.02 38 0 1 0 1 0 1 0 1
10 0.02 39 0 0 0 0 0 0 0 0
10 0.02 40 0 0 0 0 0 0 0 0
10 0.02 41 0 0 0 0 0 0 0 0
10 0.02 42 0 1 0 1 0 1 0 1
10 0.02 43 0 0 0 0 0 0 0 0
10 0.02 44 0 1 0 1 0 1 0 1
10 0.02 45 0 3 0 2 0 3 0 3
10 0.02 46 0 1 0 1 0 1 0 1
10 0.02 47 0 8 0 8 0 8 1 8
10 0.02 48 0 0 0 0 0 0 0 0
10 0.02 49 0 1 0 1 0 1 0 1
10 0.02 50 0 0 0 0 0 0 0 0
10 0.03 0 0 0 0 0 0 0 0 0
10 0.03 1 0 6 0 6 0 6 0 6
10 0.03 2 0 0 0 0 0 0 0 0
10 0.03 3 0 0 1 0 0 0 0 0
10 0.03 4 0 0 0 0 0 0 0 0
10 0.03 5 0 1 0 1 0 1 0 1
10 0.03 6 0 3 0 3 0 3 0 3
10 0.03 7 0 0 0 0 0 0 0 0
10 0.03 8 0 11 0 11 0 11 0 11
10 0.03 9 0 5 0 5 0 5 1 5
10 0.03 10 0 1 0 1 0 1 0 1
10 0.03 11 0 3 0 3 0 3 0 3
10 0.03 12 0 5 0 5 0 5 0 5
10 0.03 13 0 3 0 2 0 3 0 3
10 0.03 14 0 5 0 5 0 5 0 5
10 0.03 15 1 16 0 15 0 15 7 16
10 0.03 16 0 6 0 6 0 6 0 6
10 0.03 17 0 7 0 6 0 7 0 7
10 0.03 18 0 1 0 1 0 1 0 1
10 0.03 19 0 9 0 9 0 9 1 9
10 0.03 20 0 1 0 1 0 1 0 1
10 0.03 21 0 16 0 13 0 12 8 16
10 0.03 22 0 1 0 1 0 1 0 1
10 0.03 23 0 1 1 1 0 1 0 1
10 0.03 24 0 0 0 0 0 0 0 0
10 0.03 25 0 21 0 20 0 20 28 20
10 0.03 26 0 5 0 4 0 5 0 5
10 0.03 27 0 1 0 1 0 1 0 1
10 0.03 28 0 1 0 1 0 1 0 1
10 0.03 29 0 3 0 3 0 3 0 3
10 0.03 30 0 0 0 0 0 0 0 0
10 0.03 31 0 5 0 5 0 5 0 5
10 0.03 32 0 1 0 1 0 1 0 1
10 0.03 33 0 8 0 8 0 7 2 8
10 0.03 34 0 3 0 2 0 3 0 3
10 0.03 35 0 1 0 1 0 1 0 1
10 0.03 36 0 6 0 3 0 5 0 6
10 0.03 37 0 6 0 3 0 5 1 6
10 0.03 38 0 3 0 2 0 3 0 3
10 0.03 39 0 3 0 2 0 3 0 3
10 0.03 40 0 1 0 1 0 1 0 1
10 0.03 41 0 11 0 9 0 10 2 11
10 0.03 42 0 0 0 0 0 0 0 0
10 0.03 43 0 1 0 1 0 1 0 1
10 0.03 44 0 0 0 0 0 0 0 0
10 0.03 45 0 1 0 1 0 1 0 1
10 0.03 46 0 11 0 11 0 10 2 11
10 0.03 47 0 5 0 5 0 5 0 5
10 0.03 48 0 2 0 2 0 2 0 2
10 0.03 49 1 12 0 8 0 11 9 12
10 0.03 50 0 1 0 1 0 1 0 1
10 0.04 0 0 0 0 0 0 0 0 0
10 0.04 1 0 8 1 8 0 6 1 8
10 0.04 2 0 3 0 2 0 3 0 3
10 0.04 3 0 8 0 8 0 8 0 8
10 0.04 4 0 13 0 11 0 11 3 13
10 0.04 5 0 10 0 10 0 7 2 10
10 0.04 6 0 5 0 3 0 5 0 5
10 0.04 7 0 8 0 6 0 8 2 8
10 0.04 8 1 18 0 18 0 18 40 18
10 0.04 9 0 8 0 6 1 8 1 8
10 0.04 10 0 7 0 7 0 7 2 7
10 0.04 11 1 3 0 2 0 3 0 3
10 0.04 12 0 3 0 3 0 3 0 3
10 0.04 13 0 5 0 5 0 5 0 5
10 0.04 14 0 14 0 14 0 13 9 14
10 0.04 15 0 1 0 1 0 1 0 1
10 0.04 16 0 3 0 2 0 3 0 3
10 0.04 17 0 0 0 0 0 0 0 0
10 0.04 18 0 6 0 6 0 4 0 6
10 0.04 19 0 8 0 8 0 6 1 8
10 0.04 20 0 1 0 1 0 1 0 1
10 0.04 21 0 1 0 1 0 1 0 1
10 0.04 22 0 0 0 0 0 0 0 0
10 0.04 23 0 6 0 3 0 5 2 6
10 0.04 24 0 7 0 6 0 7 0 7
10 0.04 25 0 1 0 1 0 1 0 1
10 0.04 26 1 5 0 5 0 5 0 5
10 0.04 27 0 8 0 8 0 8 0 8
10 0.04 28 0 10 0 10 0 10 1 10
10 0.04 29 0 8 0 8 0 8 1 8
10 0.04 30 0 10 0 10 0 9 4 10
10 0.04 31 0 11 0 7 0 11 2 11
10 0.04 32 0 8 0 6 0 8 1 8
10 0.04 33 0 8 0 6 0 8 1 8
10 0.04 34 0 14 0 14 1 12 6 14
10 0.04 35 0 6 0 6 0 6 0 6
10 0.04 36 0 4 0 4 0 4 0 4
10 0.04 37 0 0 0 0 0 0 0 0
10 0.04 38 0 1 0 1 0 1 0 1
10 0.04 39 0 3 0 2 0 3 1 3
10 0.04 40 1 8 0 8 0 8 0 8
10 0.04 41 0 1 0 1 0 1 1 1
10 0.04 42 0 13 0 13 0 13 3 11
10 0.04 43 0 8 0 5 0 7 9 8
10 0.04 44 0 3 0 3 0 3 0 3
10 0.04 45 0 10 0 10 0 8 3 10
10 0.04 46 0 1 0 1 0 1 0 1
10 0.04 47 0 5 0 4 0 5 0 5
10 0.04 48 0 1 0 1 0 1 0 1
10 0.04 49 0 1 0 1 0 1 0 1
10 0.04 50 0 8 0 5 0 6 4 8
10 0.05 0 0 6 0 3 0 5 0 6
10 0.05 1 0 10 0 10 0 7 2 10
10 0.05 2 0 3 0 3 0 3 0 3
10 0.05 3 0 8 0 6 0 8 1 8
10 0.05 4 0 8 0 5 0 6 3 8
10 0.05 5 0 10 0 8 0 8 1 10
10 0.05 6 0 11 0 10 0 9 7 11
10 0.05 7 0 3 0 2 0 3 0 3
10 0.05 8 0 3 0 2 0 3 0 3
10 0.05 9 0 5 0 3 0 5 1 5
10 0.05 10 0 3 0 3 0 3 0 3
10 0.05 11 0 5 0 5 0 5 0 5
10 0.05 12 0 6 0 6 0 6 1 6
10 0.05 13 0 20 0 20 0 20 10 20
10 0.05 14 0 10 0 10 0 10 3 10
10 0.05 15 1 0 0 0 0 0 0 0
10 0.05 16 0 11 0 7 0 9 8 11
10 0.05 17 0 6 0 3 0 4 0 6
10 0.05 18 0 16 0 16 0 16 3 13
10 0.05 19 0 5 0 4 0 5 1 5
10 0.05 20 0 6 0 6 0 5 0 6
10 0.05 21 0 8 0 8 0 7 0 8
10 0.05 22 0 6 0 6 0 4 1 6
10 0.05 23 0 10 0 7 0 7 2 10
10 0.05 24 0 1 0 1 0 1 0 1
10 0.05 25 0 15 0 15 0 13 6 15
10 0.05 26 0 6 0 4 0 5 0 6
10 0.05 27 0 3 0 2 0 3 0 3
10 0.05 28 0 0 0 0 0 0 0 0
10 0.05 29 0 6 1 6 0 6 0 6
10 0.05 30 0 11 0 7 0 9 2 10
10 0.05 31 0 1 0 1 0 1 0 1
10 0.05 32 0 8 0 8 0 7 1 8
10 0.05 33 0 6 0 3 0 5 0 6
10 0.05 34 0 1 0 1 0 1 0 1
10 0.05 35 1 11 0 5 0 8 6 11
10 0.05 36 1 21 0 19 0 15 18 21
10 0.05 37 0 12 0 11 0 11 3 12
10 0.05 38 0 11 0 7 0 7 2 11
10 0.05 39 0 8 0 6 0 7 0 8
10 0.05 40 0 15 0 15 0 12 3 14
10 0.05 41 0 3 0 3 0 3 0 3
10 0.05 42 0 16 0 16 0 16 4 14
10 0.05 43 0 1 0 1 0 1 0 1
10 0.05 44 0 17 0 17 0 14 9 17
10 0.05 45 0 3 0 3 0 3 0 3
10 0.05 46 0 10 0 10 0 10 1 10
10 0.05 47 0 6 0 3 0 4 0 6
10 0.05 48 0 0 0 0 0 0 0 0
10 0.05 49 0 10 0 10 0 10 0 10
10 0.05 50 0 1 0 1 0 1 0 1
10 0.1 0 2 35 0 33 0 28 72 33
10 0.1 1 0 10 0 7 1 10 0 10
10 0.1 2 0 10 0 9 0 10 1 10
10 0.1 3 0 37 1 22 0 37 53 37
10 0.1 4 0 13 0 13 0 12 3 13
10 0.1 5 0 13 0 13 0 9 1 13
10 0.1 6 0 11 0 11 0 11 0 11
10 0.1 7 0 16 0 13 0 13 3 16
10 0.1 8 0 13 0 11 0 10 2 11
10 0.1 9 0 15 0 15 0 15 6 15
10 0.1 10 1 37 0 31 0 37 110 37
10 0.1 11 89 28 0 21 0 20 69 25
10 0.1 12 0 14 0 13 0 14 3 13
10 0.1 13 0 10 0 7 0 10 1 9
10 0.1 14 0 31 0 28 0 28 31 31
10 0.1 15 0 11 0 11 0 7 0 11
10 0.1 16 2 16 0 9 0 12 11 15
10 0.1 17 1 24 0 24 0 18 21 24
10 0.1 18 0 8 0 6 0 8 1 8
10 0.1 19 0 23 0 23 0 18 9 23
10 0.1 20 0 24 0 24 0 22 11 24
10 0.1 21 1 15 0 13 0 15 5 15
10 0.1 22 0 13 0 13 0 13 2 13
10 0.1 23 0 28 0 28 0 22 23 28
10 0.1 24 0 14 0 14 0 13 2 14
10 0.1 25 5 25 0 23 0 20 21 25
10 0.1 26 0 26 0 26 0 23 44 26
10 0.1 27 4 27 0 24 0 20 68 27
10 0.1 28 1 24 0 17 0 24 23 23
10 0.1 29 0 11 0 11 0 8 1 11
10 0.1 30 0 18 0 14 0 18 8 18
10 0.1 31 11 23 0 16 0 14 48 21
10 0.1 32 1 8 0 8 0 8 0 8
10 0.1 33 5 20 0 16 0 18 18 16
10 0.1 34 0 14 0 13 0 14 0 14
10 0.1 35 1 24 0 24 0 18 22 24
10 0.1 36 0 17 0 17 0 17 5 17
10 0.1 37 1 18 0 16 0 12 8 17
10 0.1 38 0 14 0 10 0 12 4 13
10 0.1 39 0 13 0 10 0 13 2 12
10 0.1 40 1 17 0 14 0 15 9 16
10 0.1 41 3 28 0 23 0 28 24 24
10 0.1 42 0 18 0 18 0 14 4 18
10 0.1 43 0 11 0 8 0 11 1 11
10 0.1 44 1 20 0 20 0 15 7 18
10 0.1 45 0 14 0 10 0 11 3 13
10 0.1 46 0 8 0 5 0 7 0 8
10 0.1 47 0 23 0 23 0 23 6 23
10 0.1 48 0 19 0 18 0 19 6 19
10 0.1 49 0 12 0 11 0 9 3 12
10 0.1 50 0 23 0 23 0 23 24 23
10 0.2 0 1 32 0 31 0 32 57 32
10 0.2 1 1 55 0 53 0 53 97 55
10 0.2 2 3 43 0 43 0 38 148 43
10 0.2 3 0 36 0 29 0 29 20 36
10 0.2 4 0 40 0 40 0 33 106 40
10 0.2 5 0 35 0 35 0 32 108 35
10 0.2 6 6 44 0 29 0 39 193 42
10 0.2 7 0 49 0 48 0 44 74 49
10 0.2 8 0 34 0 33 0 34 30 34
10 0.2 9 0 29 0 26 0 26 13 29
10 0.2 10 0 41 0 40 0 41 63 41
10 0.2 11 1 37 0 37 0 35 23 37
10 0.2 12 0 38 0 38 0 36 75 38
10 0.2 13 0 34 0 34 0 32 30 34
10 0.2 14 0 29 0 25 1 24 29 29
10 0.2 15 1 60 0 56 0 60 135 60
10 0.2 16 1 34 0 31 0 34 54 34
10 0.2 17 2 31 0 31 0 22 37 31
10 0.2 18 4 40 0 37 0 31 95 37
10 0.2 19 0 41 0 36 0 41 54 41
10 0.2 20 0 40 0 31 0 40 45 40
10 0.2 21 2 29 0 29 0 29 31 29
10 0.2 22 1 42 0 42 0 39 95 42
10 0.2 23 1 30 0 30 0 30 27 30
10 0.2 24 1 35 0 28 0 35 41 28
10 0.2 25 0 38 0 33 0 38 91 38
10 0.2 26 0 46 0 46 0 36 71 46
10 0.2 27 0 38 0 37 0 38 33 37
10 0.2 28 0 44 0 44 0 44 47 44
10 0.2 29 3 49 0 47 0 49 128 46
10 0.2 30 1 36 0 36 0 32 76 36
10 0.2 31 0 39 0 39 0 34 34 39
10 0.2 32 0 37 0 37 0 37 51 37
10 0.2 33 0 28 0 28 0 28 7 28
10 0.2 34 0 32 0 32 0 24 47 32
10 0.2 35 1 34 0 34 0 34 50 34
10 0.2 36 1 47 0 42 0 35 97 42
10 0.2 37 0 50 0 50 0 45 46 50
10 0.2 38 4 47 0 45 0 44 141 47
10 0.2 39 1 39 0 38 0 39 123 39
10 0.2 40 0 34 0 30 0 25 41 30
10 0.2 41 0 35 0 35 0 35 40 35
10 0.2 42 1 42 0 40 0 32 53 40
10 0.2 43 3 36 0 35 0 36 102 36
10 0.2 44 2 32 0 30 0 31 88 32
10 0.2 45 0 30 0 30 0 30 18 26
10 0.2 46 1 43 0 42 0 43 91 42
10 0.2 47 0 36 0 36 0 31 32 36
10 0.2 48 0 48 0 48 0 46 99 48
10 0.2 49 1 29 0 26 0 29 35 29
10 0.2 50 0 38 0 35 0 35 35 38
10 0.3 0 0 85 0 83 0 85 31 85
10 0.3 1 0 39 0 37 0 37 42 39
10 0.3 2 0 48 0 48 0 48 25 48
10 0.3 3 0 40 0 37 0 40 19 40
10 0.3 4 0 70 0 70 0 70 54 70
10 0.3 5 0 51 0 51 0 51 38 51
10 0.3 6 1 50 0 45 0 50 27 50
10 0.3 7 0 66 0 66 0 66 51 66
10 0.3 8 1 38 0 37 0 38 71 38
10 0.3 9 0 59 0 59 0 59 35 59
10 0.3 10 0 70 0 70 0 69 71 69
10 0.3 11 1 85 0 85 0 85 71 85
10 0.3 12 0 76 0 76 0 76 32 76
10 0.3 13 0 49 0 49 0 45 64 49
10 0.3 14 0 47 0 46 0 47 37 47
10 0.3 15 0 62 0 62 0 56 67 62
10 0.3 16 0 52 0 52 0 52 34 52
10 0.3 17 0 56 0 56 0 56 53 56
10 0.3 18 0 45 0 35 1 45 72 45
10 0.3 19 0 52 0 52 0 52 35 52
10 0.3 20 0 73 0 63 0 63 95 72
10 0.3 21 1 42 0 37 0 40 121 40
10 0.3 22 0 46 0 43 0 37 62 46
10 0.3 23 0 47 0 47 0 47 54 47
10 0.3 24 0 41 0 41 0 40 13 41
10 0.3 25 0 45 0 42 1 45 65 45
10 0.3 26 0 63 0 59 0 56 139 63
10 0.3 27 0 54 0 54 0 54 81 54
10 0.3 28 0 35 1 31 0 35 34 35
10 0.3 29 1 58 0 58 0 58 72 58
10 0.3 30 1 60 0 60 0 54 117 53
10 0.3 31 0 45 0 45 0 45 53 45
10 0.3 32 0 68 0 68 0 66 94 68
10 0.3 33 1 51 0 51 0 46 73 51
10 0.3 34 0 57 0 55 0 57 43 57
10 0.3 35 0 61 0 59 0 61 62 61
10 0.3 36 0 68 0 68 0 68 115 68
10 0.3 37 0 62 0 62 1 61 113 62
10 0.3 38 1 41 0 41 0 40 124 41
10 0.3 39 0 47 0 47 0 44 84 43
10 0.3 40 0 58 0 57 0 58 107 58
10 0.3 41 0 37 0 37 0 37 29 37
10 0.3 42 0 62 0 62 0 62 93 62
10 0.3 43 0 43 0 41 0 43 32 42
10 0.3 44 0 54 0 54 0 52 106 54
10 0.3 45 0 57 0 57 0 57 90 57
10 0.3 46 1 46 0 41 0 46 73 44
10 0.3 47 1 48 0 47 0 48 164 47
10 0.3 48 0 50 0 50 0 50 34 50
10 0.3 49 0 49 0 49 0 49 61 49
10 0.3 50 2 55 0 48 0 43 102 51
15 0.01 0 0 0 0 0 0 0 0 0
15 0.01 1 0 5 0 5 0 5 0 5
15 0.01 2 0 5 0 4 0 4 0 5
15 0.01 3 0 8 0 6 0 8 0 8
15 0.01 4 0 6 0 3 0 4 0 6
15 0.01 5 0 3 0 3 0 3 0 3
15 0.01 6 0 1 0 1 0 1 0 1
15 0.01 7 0 5 0 3 0 5 1 5
15 0.01 8 0 8 0 4 0 8 0 8
15 0.01 9 0 1 0 1 0 1 0 1
15 0.01 10 0 0 0 0 0 0 0 0
15 0.01 11 0 3 0 2 0 3 0 3
15 0.01 12 1 8 0 4 0 6 0 8
15 0.01 13 1 11 0 5 0 10 4 11
15 0.01 14 0 1 0 1 0 1 0 1
15 0.01 15 0 7 0 6 0 7 1 7
15 0.01 16 0 1 0 1 0 1 0 1
15 0.01 17 0 0 0 0 0 0 0 0
15 0.01 18 0 3 0 2 0 3 0 3
15 0.01 19 0 3 0 3 0 3 0 3
15 0.01 20 0 3 0 2 0 3 0 3
15 0.01 21 0 6 0 3 0 4 0 6
15 0.01 22 0 6 0 3 0 5 1 6
15 0.01 23 0 0 0 0 0 0 0 0
15 0.01 24 0 1 0 1 0 1 0 1
15 0.01 25 0 0 0 0 0 0 0 0
15 0.01 26 0 3 0 3 0 3 0 3
15 0.01 27 0 8 0 4 0 8 1 8
15 0.01 28 0 1 0 1 0 1 0 1
15 0.01 29 0 8 0 6 0 6 1 8
15 0.01 30 0 0 0 0 0 0 0 0
15 0.01 31 0 0 0 0 0 0 0 0
15 0.01 32 0 1 0 1 0 1 0 1
15 0.01 33 0 8 0 4 0 8 1 8
15 0.01 34 0 0 0 0 0 0 0 0
15 0.01 35 0 0 0 0 0 0 0 0
15 0.01 36 0 0 0 0 0 0 0 0
15 0.01 37 0 1 0 1 0 1 0 1
15 0.01 38 0 0 0 0 0 0 0 0
15 0.01 39 0 0 0 0 0 0 0 0
15 0.01 40 0 5 0 5 0 5 0 5
15 0.01 41 0 1 0 1 0 1 0 1
15 0.01 42 0 1 0 1 0 1 0 1
15 0.01 43 0 0 0 0 0 0 0 0
15 0.01 44 0 5 0 5 0 5 0 5
15 0.01 45 0 1 0 1 0 1 0 1
15 0.01 46 0 1 0 1 0 1 0 1
15 0.01 47 0 0 0 0 0 0 0 0
15 0.01 48 0 8 0 6 0 8 1 8
15 0.01 49 0 0 0 0 0 0 0 0
15 0.01 50 0 1 0 1 0 1 0 1
15 0.02 0 0 7 0 6 0 7 0 7
15 0.02 1 0 11 0 9 0 10 2 9
15 0.02 2 0 11 0 10 0 9 1 11
15 0.02 3 0 8 0 4 0 7 0 7
15 0.02 4 0 8 0 4 0 7 1 8
15 0.02 5 0 9 0 9 0 9 1 9
15 0.02 6 1 15 0 15 0 15 6 15
15 0.02 7 0 3 0 3 0 3 0 3
15 0.02 8 0 7 0 5 0 7 0 7
15 0.02 9 0 8 0 8 0 6 1 8
15 0.02 10 4 20 0 14 0 14 14 18
15 0.02 11 0 13 0 11 0 10 2 12
15 0.02 12 0 15 0 13 0 12 2 13
15 0.02 13 0 10 0 10 0 10 1 10
15 0.02 14 0 10 0 9 0 8 2 10
15 0.02 15 0 11 0 11 0 9 1 11
15 0.02 16 0 6 0 4 0 5 0 6
15 0.02 17 0 8 0 4 0 7 1 8
15 0.02 18 0 12 0 11 0 10 1 12
15 0.02 19 0 8 0 6 0 7 1 8
15 0.02 20 0 0 0 0 0 0 0 0
15 0.02 21 0 10 0 8 0 9 1 10
15 0.02 22 0 0 0 0 0 0 0 0
15 0.02 23 0 11 0 11 0 10 1 11
15 0.02 24 0 1 0 1 0 1 0 1
15 0.02 25 0 0 0 0 0 0 0 0
15 0.02 26 0 10 0 7 0 7 1 10
15 0.02 27 0 13 0 13 0 12 3 13
15 0.02 28 0 3 0 2 0 3 0 3
15 0.02 29 1 15 0 9 0 12 9 15
15 0.02 30 0 15 0 14 0 11 5 14
15 0.02 31 1 1 0 1 0 1 0 1
15 0.02 32 0 13 0 11 0 10 2 13
15 0.02 33 0 8 0 8 0 7 0 8
15 0.02 34 0 3 0 2 0 3 0 3
15 0.02 35 0 8 0 6 0 8 1 8
15 0.02 36 0 0 0 0 0 0 0 0
15 0.02 37 0 8 0 8 0 8 0 8
15 0.02 38 0 5 0 4 0 5 0 5
15 0.02 39 0 3 0 2 0 3 0 3
15 0.02 40 0 3 0 2 0 3 0 3
15 0.02 41 0 0 0 0 0 0 0 0
15 0.02 42 0 5 0 5 0 5 1 5
15 0.02 43 0 13 0 12 0 12 1 13
15 0.02 44 0 13 0 11 0 13 4 11
15 0.02 45 0 14 0 11 0 11 2 12
15 0.02 46 0 5 0 3 0 5 0 5
15 0.02 47 0 0 0 0 0 0 0 0
15 0.02 48 0 8 0 8 0 8 0 6
15 0.02 49 2 22 0 22 0 17 14 21
15 0.02 50 1 13 0 9 0 13 4 13
15 0.03 0 0 1 0 1 0 1 0 1
15 0.03 1 0 11 0 9 0 9 1 11
15 0.03 2 0 17 0 17 0 15 8 17
15 0.03 3 0 8 0 8 0 6 0 8
15 0.03 4 0 3 0 2 0 3 0 3
15 0.03 5 2 16 0 15 0 11 7 15
15 0.03 6 0 11 0 11 0 9 1 10
15 0.03 7 0 8 0 5 0 7 0 8
15 0.03 8 0 6 0 6 0 6 1 6
15 0.03 9 0 8 0 4 0 8 0 8
15 0.03 10 0 6 0 4 0 5 0 6
15 0.03 11 0 1 0 1 0 1 0 1
15 0.03 12 0 6 0 3 0 5 0 6
15 0.03 13 1 13 0 13 0 11 1 13
15 0.03 14 0 8 0 5 0 7 1 8
15 0.03 15 0 5 0 3 0 5 0 5
15 0.03 16 0 11 0 6 0 9 2 11
15 0.03 17 15 28 0 21 0 22 44 25
15 0.03 18 1 17 0 14 0 14 10 17
15 0.03 19 1 14 0 8 0 13 7 14
15 0.03 20 0 3 0 2 0 3 0 3
15 0.03 21 0 11 0 8 0 10 2 11
15 0.03 22 1 13 0 13 0 12 5 13
15 0.03 23 0 10 0 10 0 10 1 10
15 0.03 24 1 15 0 10 0 11 7 13
15 0.03 25 0 5 0 5 0 5 0 5
15 0.03 26 0 5 0 4 0 5 0 5
15 0.03 27 0 10 0 5 0 7 2 10
15 0.03 28 0 6 0 5 0 6 1 5
15 0.03 29 0 3 0 2 0 3 0 3
15 0.03 30 0 13 0 13 0 11 4 13
15 0.03 31 0 10 0 9 0 8 1 10
15 0.03 32 0 11 0 7 0 11 1 10
15 0.03 33 0 16 0 16 0 13 4 16
15 0.03 34 0 14 0 9 0 11 4 12
15 0.03 35 0 8 0 5 0 7 0 8
15 0.03 36 1 15 0 14 0 13 8 14
15 0.03 37 0 6 0 3 0 5 0 6
15 0.03 38 0 18 0 16 0 13 6 18
15 0.03 39 0 11 0 7 1 9 0 11
15 0.03 40 0 13 0 13 0 11 2 13
15 0.03 41 1 20 0 20 0 18 20 20
15 0.03 42 0 11 0 9 0 11 0 11
15 0.03 43 2 27 0 18 0 20 28 24
15 0.03 44 0 15 0 12 0 14 7 14
15 0.03 45 0 5 0 4 0 5 0 5
15 0.03 46 0 11 0 11 0 8 1 11
15 0.03 47 3 23 0 20 0 20 28 23
15 0.03 48 0 5 0 5 0 5 0 5
15 0.03 49 0 16 0 16 0 16 3 16
15 0.03 50 0 8 0 8 1 8 0 8
15 0.04 0 0 12 0 11 0 9 2 12
15 0.04 1 8 25 0 21 0 21 49 24
15 0.04 2 23 25 0 24 0 16 38 21
15 0.04 3 0 15 0 10 0 12 4 12
15 0.04 4 0 17 0 17 0 17 7 16
15 0.04 5 0 8 0 5 0 7 0 8
15 0.04 6 1 10 0 6 0 10 1 10
15 0.04 7 7 32 0 27 0 28 82 32
15 0.04 8 1 22 0 18 0 16 12 22
15 0.04 9 76 30 0 23 0 22 90 23
15 0.04 10 1 13 0 8 0 10 3 13
15 0.04 11 0 13 0 8 0 13 4 13
15 0.04 12 0 13 0 13 0 13 1 13
15 0.04 13 5 25 0 16 0 16 40 25
15 0.04 14 0 11 0 7 0 8 2 11
15 0.04 15 0 11 0 7 0 9 1 10
15 0.04 16 0 8 0 6 0 8 1 8
15 0.04 17 0 17 0 16 0 15 1 17
15 0.04 18 1 26 0 22 0 16 14 24
15 0.04 19 1 11 0 9 0 11 1 9
15 0.04 20 0 16 0 16 0 16 1 16
15 0.04 21 1 17 0 12 0 12 6 17
15 0.04 22 0 18 0 18 0 18 3 18
15 0.04 23 3 22 0 21 0 19 36 22
15 0.04 24 0 12 0 11 0 12 5 12
15 0.04 25 0 8 0 8 0 7 1 8
15 0.04 26 0 16 0 13 0 13 7 16
15 0.04 27 0 11 0 7 0 11 1 11
15 0.04 28 1 22 0 22 0 17 29 22
15 0.04 29 1 14 0 11 0 11 3 12
15 0.04 30 0 8 0 6 0 7 0 8
15 0.04 31 2 14 0 6 0 10 5 14
15 0.04 32 1 19 0 15 0 14 10 19
15 0.04 33 0 8 0 8 0 7 0 8
15 0.04 34 6 23 0 16 0 19 31 20
15 0.04 35 0 8 0 8 0 7 1 8
15 0.04 36 1 21 0 21 0 20 15 20
15 0.04 37 10 25 0 25 1 20 51 25
15 0.04 38 1 18 0 16 0 18 12 16
15 0.04 39 0 28 1 22 0 28 10 28
15 0.04 40 9 23 0 19 0 22 38 22
15 0.04 41 3 19 0 18 0 19 10 19
15 0.04 42 1 10 0 10 0 10 1 10
15 0.04 43 0 13 0 12 0 12 3 12
15 0.04 44 1 19 0 17 0 15 13 17
15 0.04 45 1 18 0 15 0 14 12 18
15 0.04 46 8 20 0 16 0 19 18 19
15 0.04 47 0 24 0 20 0 22 8 24
15 0.04 48 2 23 0 20 0 20 26 23
15 0.04 49 12 25 0 21 0 25 33 25
15 0.04 50 1 16 0 12 0 12 9 14
15 0.05 0 7 20 0 18 0 20 44 18
15 0.05 1 3 30 1 30 0 28 95 30
15 0.05 2 2 25 0 20 0 25 23 23
15 0.05 3 0 19 0 19 0 18 7 19
15 0.05 4 83 40 0 32 0 31 208 40
15 0.05 5 51 23 0 18 0 17 65 21
15 0.05 6 1 21 0 21 0 21 17 21
15 0.05 7 0 26 0 26 0 18 12 26
15 0.05 8 10 31 0 27 0 27 67 31
15 0.05 9 0 21 0 21 0 21 19 21
15 0.05 10 1 18 0 18 0 12 8 18
15 0.05 11 1 24 0 23 0 23 21 24
15 0.05 12 7 29 0 29 0 24 50 29
15 0.05 13 1 16 0 12 0 11 5 14
15 0.05 14 1 22 0 22 0 22 14 20
15 0.05 15 36 33 0 30 0 22 85 33
15 0.05 16 9 26 0 22 0 20 80 25
15 0.05 17 15 28 0 28 0 25 62 27
15 0.05 18 1 8 0 8 0 6 0 8
15 0.05 19 0 18 0 18 0 18 2 18
15 0.05 20 79 29 0 20 0 26 75 29
15 0.05 21 6 29 0 23 0 23 46 29
15 0.05 22 1 17 0 12 0 15 9 16
15 0.05 23 19 36 0 21 0 36 95 36
15 0.05 24 15 33 0 33 0 20 95 33
15 0.05 25 7 30 0 25 0 26 61 28
15 0.05 26 4 27 0 23 0 16 37 24
15 0.05 27 31 36 0 36 0 24 107 36
15 0.05 28 3 37 0 36 0 36 88 36
15 0.05 29 20 21 0 21 0 15 33 21
15 0.05 30 11 29 0 24 0 26 87 29
15 0.05 31 0 19 0 16 0 15 10 19
15 0.05 32 0 25 0 25 0 25 19 25
15 0.05 33 1 20 0 19 0 14 9 20
15 0.05 34 0 19 0 19 0 19 7 19
15 0.05 35 0 12 0 11 0 12 1 11
15 0.05 36 8 25 0 21 0 15 55 24
15 0.05 37 3 21 0 16 0 21 15 21
15 0.05 38 4 23 0 21 0 23 29 23
15 0.05 39 0 8 0 4 0 6 1 8
15 0.05 40 0 13 0 12 0 12 2 13
15 0.05 41 16 26 0 22 0 26 43 22
15 0.05 42 1 21 0 19 0 19 16 21
15 0.05 43 2 21 0 12 0 14 16 21
15 0.05 44 5 27 0 27 0 21 42 26
15 0.05 45 1 24 0 21 0 19 11 21
15 0.05 46 0 12 0 12 0 12 4 12
15 0.05 47 1 29 0 27 0 23 28 29
15 0.05 48 1 21 0 19 0 19 11 21
15 0.05 49 2 18 0 15 0 14 12 17
15 0.05 50 2 36 0 33 1 31 82 36
15 0.1 0 4 28 0 24 0 27 51 27
15 0.1 1 123 32 0 24 0 23 205 32
15 0.1 2 680 44 0 32 0 25 385 44
15 0.1 3 383 48 0 45 0 34 449 47
15 0.1 4 1557 57 0 49 0 57 540 57
15 0.1 5 446 50 0 45 0 50 500 44
15 0.1 6 0 40 0 40 0 40 85 40
15 0.1 7 4 34 0 31 0 28 104 31
15 0.1 8 24 49 0 38 0 43 265 49
15 0.1 9 51 42 0 34 0 42 258 39
15 0.1 10 6 36 0 35 0 33 74 36
15 0.1 11 1185 58 0 53 0 51 719 58
15 0.1 12 191 40 0 29 0 27 160 35
15 0.1 13 1 31 0 28 0 28 45 31
15 0.1 14 0 29 0 23 0 21 74 29
15 0.1 15 91 67 0 57 1 57 1098 67
15 0.1 16 1022 64 0 55 0 41 769 56
15 0.1 17 55 50 0 47 0 43 439 49
15 0.1 18 137 36 0 29 0 35 188 33
15 0.1 19 1288 47 0 41 0 35 553 43
15 0.1 20 243 54 0 50 0 50 345 53
15 0.1 21 1673 62 0 47 1 58 842 62
15 0.1 22 907 53 0 53 0 42 672 45
15 0.1 23 35 54 0 52 0 44 326 53
15 0.1 24 86 47 0 35 0 35 332 42
15 0.1 25 385 41 0 37 0 37 342 35
15 0.1 26 160 40 0 38 0 31 252 38
15 0.1 27 484 50 0 49 0 37 561 45
15 0.1 28 179 42 0 40 0 39 554 41
15 0.1 29 10 40 1 34 0 39 287 39
15 0.1 30 288 32 0 32 0 29 245 32
15 0.1 31 59 40 0 34 1 34 200 35
15 0.1 32 8 44 0 42 0 37 160 42
15 0.1 33 6 63 1 63 0 63 293 63
15 0.1 34 117 54 0 48 0 54 426 53
15 0.1 35 38 47 0 44 0 34 355 44
15 0.1 36 688 45 0 38 0 41 667 44
15 0.1 37 93 53 0 50 0 49 462 51
15 0.1 38 452 64 0 62 1 59 777 64
15 0.1 39 7 35 0 30 0 35 114 35
15 0.1 40 10 41 0 30 0 32 163 38
15 0.1 41 335 49 0 43 0 45 450 49
15 0.1 42 9 47 0 47 0 39 201 47
15 0.1 43 47 34 0 30 0 31 254 34
15 0.1 44 17 47 0 41 0 33 200 44
15 0.1 45 934 55 0 47 0 47 635 54
15 0.1 46 9 31 0 27 0 31 50 29
15 0.1 47 37 42 0 35 0 35 222 42
15 0.1 48 222 41 0 32 0 39 405 38
15 0.1 49 1 27 0 27 0 20 24 23
15 0.1 50 5 35 0 32 0 35 167 32
15 0.2 0 2 97 0 95 0 96 748 97
15 0.2 1 89 61 0 55 0 54 1052 60
15 0.2 2 3 81 0 81 0 78 969 81
15 0.2 3 1 58 0 58 0 58 414 58
15 0.2 4 17 86 0 85 0 79 1454 86
15 0.2 5 25 67 0 63 0 67 1123 67
15 0.2 6 4 74 0 70 0 67 806 74
15 0.2 7 3 77 0 71 0 70 600 77
15 0.2 8 1 100 0 100 0 96 864 100
15 0.2 9 1 70 0 66 0 70 600 70
15 0.2 10 1 85 0 85 0 72 662 85
15 0.2 11 2 92 0 90 0 92 792 92
15 0.2 12 3 83 0 83 0 83 873 83
15 0.2 13 10 79 0 76 0 68 861 79
15 0.2 14 4 78 0 74 0 77 1092 78
15 0.2 15 11 74 0 69 0 74 745 74
15 0.2 16 2 68 0 67 0 68 617 68
15 0.2 17 3 58 0 55 0 58 586 58
15 0.2 18 5 88 0 84 0 87 881 88
15 0.2 19 57 85 0 85 0 75 1126 85
15 0.2 20 2 69 0 67 0 69 830 69
15 0.2 21 4 71 0 70 0 71 1023 71
15 0.2 22 5 68 0 63 0 57 1051 68
15 0.2 23 48 86 0 72 0 70 1399 82
15 0.2 24 13 83 0 80 1 83 927 82
15 0.2 25 2 78 0 66 0 78 742 76
15 0.2 26 131 67 0 65 0 63 916 62
15 0.2 27 96 103 1 99 0 97 1578 97
15 0.2 28 52 89 0 86 0 84 1338 87
15 0.2 29 5 76 0 73 0 60 952 73
15 0.2 30 7 52 0 49 0 49 507 51
15 0.2 31 8 82 0 68 0 81 1046 81
15 0.2 32 13 73 0 72 0 70 1118 73
15 0.2 33 428 81 0 75 0 81 1324 81
15 0.2 34 43 76 0 70 0 70 649 74
15 0.2 35 1 92 0 92 0 92 366 92
15 0.2 36 0 68 0 68 0 64 264 68
15 0.2 37 35 74 0 60 0 74 1180 69
15 0.2 38 13 77 0 70 0 75 728 77
15 0.2 39 7 63 0 63 0 63 868 63
15 0.2 40 1 71 0 71 0 58 815 69
15 0.2 41 18 73 0 63 0 70 1108 72
15 0.2 42 24 82 0 77 0 65 1123 80
15 0.2 43 2 62 0 62 0 60 489 62
15 0.2 44 0 87 0 87 0 87 363 87
15 0.2 45 166 69 0 63 0 48 1028 69
15 0.2 46 4 66 1 66 0 60 778 65
15 0.2 47 2 72 0 70 0 72 835 72
15 0.2 48 35 109 0 105 0 108 1656 108
15 0.2 49 3 80 0 80 0 72 739 80
15 0.2 50 17 57 0 51 0 57 754 56
15 0.3 0 1 109 0 109 0 109 240 109
15 0.3 1 1 99 0 94 0 90 919 96
15 0.3 2 0 102 0 102 1 102 271 102
15 0.3 3 0 87 0 87 0 87 501 87
15 0.3 4 1 98 0 97 0 98 616 98
15 0.3 5 0 126 0 126 0 126 43 126
15 0.3 6 1 98 0 98 0 97 787 98
15 0.3 7 1 111 0 111 0 111 433 111
15 0.3 8 0 125 0 124 0 120 632 125
15 0.3 9 0 106 0 105 0 106 345 106
15 0.3 10 1 119 0 117 0 119 385 119
15 0.3 11 1 113 0 113 0 105 723 113
15 0.3 12 1 129 0 129 0 116 216 129
15 0.3 13 7 107 0 106 0 104 1226 107
15 0.3 14 0 135 0 135 0 135 194 135
15 0.3 15 0 113 0 113 0 113 316 113
15 0.3 16 0 128 0 126 0 128 705 128
15 0.3 17 0 110 0 110 0 110 617 110
15 0.3 18 4 102 0 102 0 99 1392 102
15 0.3 19 0 97 0 95 1 97 538 95
15 0.3 20 1 125 0 125 0 125 526 125
15 0.3 21 2 97 0 96 0 97 1017 97
15 0.3 22 0 98 0 94 0 98 367 98
15 0.3 23 0 115 0 111 0 115 551 113
15 0.3 24 0 81 0 81 0 81 83 81
15 0.3 25 0 87 0 87 0 87 34 87
15 0.3 26 0 97 0 97 0 96 538 97
15 0.3 27 1 106 0 105 0 106 852 106
15 0.3 28 0 128 0 128 0 128 664 128
15 0.3 29 0 109 0 108 0 109 644 109
15 0.3 30 0 83 0 81 0 83 212 83
15 0.3 31 0 96 0 94 0 96 683 96
15 0.3 32 0 133 0 133 0 133 121 133
15 0.3 33 0 98 0 98 0 98 583 98
15 0.3 34 3 111 0 108 0 111 1124 104
15 0.3 35 0 127 0 127 0 126 316 127
15 0.3 36 0 123 0 123 0 123 279 123
15 0.3 37 1 100 0 99 0 100 527 100
15 0.3 38 1 87 0 79 0 87 541 87
15 0.3 39 0 99 0 99 0 99 417 99
15 0.3 40 3 100 0 99 0 92 1263 100
15 0.3 41 3 90 0 82 0 82 955 87
15 0.3 42 0 104 0 104 0 101 328 104
15 0.3 43 0 94 1 94 0 94 232 94
15 0.3 44 5 104 0 104 0 101 1256 104
15 0.3 45 0 115 0 115 0 115 451 115
15 0.3 46 0 113 0 113 0 113 447 113
15 0.3 47 0 137 0 137 0 137 203 137
15 0.3 48 0 133 0 133 0 133 40 133
15 0.3 49 0 116 0 116 0 116 726 116
15 0.3 50 1 123 0 122 0 123 726 123
20 0.01 0 0 1 0 1 0 1 0 1
20 0.01 1 0 5 0 5 0 5 0 5
20 0.01 2 0 8 0 4 0 7 1 8
20 0.01 3 5 17 0 16 0 16 21 16
20 0.01 4 0 3 0 2 0 3 0 3
20 0.01 5 0 5 0 5 0 5 0 5
20 0.01 6 0 3 0 2 0 3 0 3
20 0.01 7 0 3 0 3 0 3 0 3
20 0.01 8 0 3 0 2 0 3 0 3
20 0.01 9 0 5 0 5 0 5 0 5
20 0.01 10 1 11 0 7 0 9 1 11
20 0.01 11 0 5 0 5 0 5 0 5
20 0.01 12 0 6 0 3 0 5 1 6
20 0.01 13 0 8 0 8 0 7 0 8
20 0.01 14 0 8 0 4 0 7 0 8
20 0.01 15 1 8 0 4 0 7 0 8
20 0.01 16 0 5 0 4 0 5 0 5
20 0.01 17 0 3 0 2 0 3 0 3
20 0.01 18 0 0 0 0 0 0 0 0
20 0.01 19 0 1 0 1 0 1 0 1
20 0.01 20 0 3 0 2 0 3 0 3
20 0.01 21 1 12 0 11 0 10 1 12
20 0.01 22 0 8 0 5 0 6 0 7
20 0.01 23 0 10 0 5 0 9 2 10
20 0.01 24 0 8 0 6 0 6 1 8
20 0.01 25 0 3 0 2 0 3 0 3
20 0.01 26 0 8 0 4 0 7 0 8
20 0.01 27 0 8 0 4 0 8 1 6
20 0.01 28 0 8 0 8 0 7 1 8
20 0.01 29 0 0 0 0 0 0 0 0
20 0.01 30 0 3 0 2 0 3 0 3
20 0.01 31 0 0 0 0 0 0 0 0
20 0.01 32 0 3 0 2 0 3 0 3
20 0.01 33 0 1 0 1 0 1 0 1
20 0.01 34 0 3 0 3 0 3 0 3
20 0.01 35 0 0 0 0 0 0 0 0
20 0.01 36 0 13 0 9 0 10 1 13
20 0.01 37 1 16 0 13 0 13 4 16
20 0.01 38 0 0 0 0 0 0 0 0
20 0.01 39 0 8 0 8 0 7 0 8
20 0.01 40 0 1 0 1 0 1 0 1
20 0.01 41 0 5 0 3 0 5 0 5
20 0.01 42 0 6 0 6 0 4 0 6
20 0.01 43 0 1 0 1 0 1 0 1
20 0.01 44 0 0 0 0 0 0 0 0
20 0.01 45 0 3 0 3 0 3 0 3
20 0.01 46 3 18 0 13 0 15 12 16
20 0.01 47 0 6 0 3 0 5 0 6
20 0.01 48 0 1 0 1 0 1 0 1
20 0.01 49 2 13 0 6 0 13 5 12
20 0.01 50 0 3 0 2 0 3 1 3
20 0.02 0 0 7 0 7 0 7 0 7
20 0.02 1 0 13 0 10 0 12 3 12
20 0.02 2 0 8 0 4 0 7 1 8
20 0.02 3 0 8 0 4 0 8 1 8
20 0.02 4 4 19 0 15 0 16 13 17
20 0.02 5 0 8 0 6 0 8 0 8
20 0.02 6 1 11 0 5 0 11 2 11
20 0.02 7 0 6 0 3 0 5 0 6
20 0.02 8 0 16 0 16 0 14 2 16
20 0.02 9 6 18 0 14 0 15 18 18
20 0.02 10 2 22 0 20 0 18 13 20
20 0.02 11 1 16 0 14 0 13 7 15
20 0.02 12 444 24 0 19 0 23 110 23
20 0.02 13 0 8 0 6 0 8 0 8
20 0.02 14 32 21 0 13 0 14 25 20
20 0.02 15 12 23 0 19 0 16 24 19
20 0.02 16 2 13 0 10 0 10 4 13
20 0.02 17 1 29 0 27 0 29 16 24
20 0.02 18 1 20 0 20 0 15 9 20
20 0.02 19 0 11 0 7 0 11 1 10
20 0.02 20 2 22 0 19 0 18 20 22
20 0.02 21 0 11 0 9 0 11 1 11
20 0.02 22 0 13 0 10 0 11 3 13
20 0.02 23 0 13 0 12 0 13 2 13
20 0.02 24 0 10 0 10 0 9 1 10
20 0.02 25 0 10 0 10 0 10 1 10
20 0.02 26 0 1 0 1 0 1 0 1
20 0.02 27 0 13 0 13 0 13 3 13
20 0.02 28 1 14 0 9 0 12 4 13
20 0.02 29 52 25 0 20 1 24 69 25
20 0.02 30 6 30 0 26 0 26 49 27
20 0.02 31 0 8 0 4 0 8 0 8
20 0.02 32 1 14 0 11 0 12 2 12
20 0.02 33 302 32 0 23 0 26 122 28
20 0.02 34 0 8 0 4 0 6 1 8
20 0.02 35 0 8 0 4 0 7 0 8
20 0.02 36 3 17 1 9 0 16 9 16
20 0.02 37 24 24 0 18 0 16 63 20
20 0.02 38 125 28 0 21 0 21 121 24
20 0.02 39 0 8 0 6 0 7 1 8
20 0.02 40 0 0 0 0 0 0 0 0
20 0.02 41 0 12 0 8 0 10 5 12
20 0.02 42 4 23 0 20 0 20 27 21
20 0.02 43 0 13 0 11 0 11 4 12
20 0.02 44 1 13 0 11 0 11 2 13
20 0.02 45 0 12 0 12 0 12 1 12
20 0.02 46 8 21 0 21 0 18 25 21
20 0.02 47 1 17 0 13 0 16 14 15
20 0.02 48 20 25 0 20 0 14 44 22
20 0.02 49 1897 32 0 27 0 20 219 28
20 0.02 50 0 14 0 13 0 13 2 14
20 0.03 0 138 38 0 25 0 30 191 32
20 0.03 1 4 21 0 21 0 18 34 20
20 0.03 2 344 32 0 27 0 22 245 30
20 0.03 3 1 16 0 11 0 12 7 13
20 0.03 4 500 53 0 48 0 48 632 51
20 0.03 5 153 30 0 23 0 25 159 28
20 0.03 6 108 44 0 40 0 43 227 41
20 0.03 7 9447 37 0 25 0 35 391 30
20 0.03 8 67 32 0 29 0 18 93 31
20 0.03 9 2 22 0 22 0 19 26 22
20 0.03 10 6 28 0 19 0 28 44 26
20 0.03 11 90 31 0 25 0 30 116 29
20 0.03 12 0 8 0 4 0 7 0 8
20 0.03 13 7 16 0 7 0 11 14 16
20 0.03 14 9 27 0 21 0 24 41 26
20 0.03 15 0 8 0 5 0 8 1 7
20 0.03 16 0 17 0 12 0 17 2 17
20 0.03 17 7 23 0 23 0 21 45 23
20 0.03 18 5 27 0 22 0 17 36 20
20 0.03 19 60 26 0 22 0 20 110 26
20 0.03 20 3 25 0 25 0 19 42 25
20 0.03 21 4 28 0 21 0 22 41 27
20 0.03 22 1857 52 0 43 0 44 668 52
20 0.03 23 1 21 0 18 0 19 10 21
20 0.03 24 5 27 0 21 1 27 31 26
20 0.03 25 199 26 0 19 0 19 71 26
20 0.03 26 75 33 1 27 0 18 139 29
20 0.03 27 33 24 0 17 0 17 42 21
20 0.03 28 8 28 0 22 0 25 74 25
20 0.03 29 3 22 0 22 0 19 32 22
20 0.03 30 5 27 0 27 0 21 51 27
20 0.03 31 16 25 0 18 0 20 40 21
20 0.03 32 29 28 0 21 0 19 69 25
20 0.03 33 16 25 0 21 0 24 85 25
20 0.03 34 15 32 0 25 0 31 74 32
20 0.03 35 214 32 0 21 0 23 98 30
20 0.03 36 0 10 0 10 0 10 1 10
20 0.03 37 30 27 0 20 0 23 52 25
20 0.03 38 2360 48 0 43 0 31 478 43
20 0.03 39 14 24 0 24 0 21 64 24
20 0.03 40 5 21 0 16 0 21 36 21
20 0.03 41 2 23 0 23 0 16 24 20
20 0.03 42 4277 43 0 34 0 37 645 40
20 0.03 43 104 34 0 24 0 27 162 30
20 0.03 44 79 37 0 32 0 26 119 36
20 0.03 45 3 26 0 19 0 19 56 26
20 0.03 46 117 26 0 24 0 19 77 26
20 0.03 47 1031 34 0 26 0 27 189 27
20 0.03 48 2 25 0 21 0 23 23 25
20 0.03 49 125 25 0 17 0 23 84 21
20 0.03 50 4 16 0 9 0 14 9 15
20 0.04 0 842 38 0 37 0 29 397 38
20 0.04 1 684 33 0 22 0 30 269 32
20 0.04 2 195 43 0 34 0 32 238 32
20 0.04 3 238 36 0 28 0 34 201 36
20 0.04 4 13 33 0 25 0 26 84 29
20 0.04 5 3 21 0 14 0 20 30 21
20 0.04 6 118 47 0 30 0 40 293 47
20 0.04 7 2236 44 0 44 0 44 618 43
20 0.04 8 25 30 0 25 0 18 87 28
20 0.04 9 549 48 0 36 0 35 302 44
20 0.04 10 5997 54 0 42 0 36 837 53
20 0.04 11 0 22 0 16 0 19 9 22
20 0.04 12 3283 38 0 26 0 27 321 38
20 0.04 13 0 17 0 15 0 17 3 14
20 0.04 14 277 35 0 32 0 33 314 33
20 0.04 15 29 42 0 26 0 32 96 42
20 0.04 16 3771 54 0 51 0 48 761 54
20 0.04 17 1 31 0 24 0 21 62 31
20 0.04 18 17902 62 0 47 0 44 1504 61
20 0.04 19 4453 48 0 48 0 42 734 48
20 0.04 20 117 37 0 35 0 37 201 34
20 0.04 21 779 40 0 35 0 31 325 38
20 0.04 22 271 39 0 34 0 30 202 36
20 0.04 23 105 35 0 28 0 24 204 35
20 0.04 24 4 32 0 26 0 30 77 32
20 0.04 25 16289 52 0 48 0 41 816 47
20 0.04 26 79 43 0 36 0 32 193 43
20 0.04 27 48 25 0 16 0 21 36 19
20 0.04 28 536 40 1 33 0 32 343 40
20 0.04 29 2 25 0 20 0 25 36 25
20 0.04 30 7 28 0 20 0 18 37 24
20 0.04 31 1516 34 0 23 0 23 186 32
20 0.04 32 6 30 0 19 0 21 57 29
20 0.04 33 9 24 0 23 0 24 41 23
20 0.04 34 230 36 0 27 0 33 252 36
20 0.04 35 19 24 0 19 0 19 57 24
20 0.04 36 325 36 0 34 0 26 179 31
20 0.04 37 187 39 0 26 0 25 144 32
20 0.04 38 2076 40 1 31 0 33 293 37
20 0.04 39 850 43 0 34 0 27 522 42
20 0.04 40 108 36 0 28 0 25 148 32
20 0.04 41 7 29 0 25 0 22 83 29
20 0.04 42 21 33 0 29 0 28 105 30
20 0.04 43 246 26 0 19 0 23 81 24
20 0.04 44 187 32 0 24 0 29 124 25
20 0.04 45 26733 46 0 31 0 36 755 41
20 0.04 46 63 28 0 22 0 23 94 24
20 0.04 47 22028 39 0 36 0 33 599 36
20 0.04 48 110 35 0 30 0 28 155 35
20 0.04 49 208 38 0 33 0 32 186 34
20 0.04 50 493 39 0 32 0 37 501 38
20 0.05 0 9 31 0 31 0 30 114 27
20 0.05 1 21301 36 0 33 0 25 843 33
20 0.05 2 3103 55 0 49 0 44 1286 46
20 0.05 3 265 37 0 32 0 37 355 35
20 0.05 4 202 36 0 29 0 23 156 24
20 0.05 5 15955 54 0 44 0 32 969 49
20 0.05 6 114 43 0 37 0 30 372 43
20 0.05 7 194 42 0 33 0 24 215 39
20 0.05 8 11358 57 1 55 0 55 1960 54
20 0.05 9 12 25 0 18 0 22 74 25
20 0.05 10 1118 41 0 38 0 35 535 36
20 0.05 11 4352 48 0 39 0 35 575 38
20 0.05 12 295 47 0 46 0 36 372 40
20 0.05 13 104 49 0 41 0 35 295 49
20 0.05 14 647 35 0 29 0 27 175 34
20 0.05 15 443 33 0 26 0 29 184 31
20 0.05 16 6 23 0 19 0 22 109 23
20 0.05 17 25631 55 0 39 0 47 1088 43
20 0.05 18 2917 60 0 51 0 47 1302 50
20 0.05 19 1373 41 0 36 0 27 455 40
20 0.05 20 2700 63 0 62 0 46 1042 63
20 0.05 21 907 41 0 38 0 32 353 37
20 0.05 22 19300 48 1 42 0 34 703 46
20 0.05 23 8 26 0 20 0 19 45 24
20 0.05 24 255 42 0 39 0 34 326 40
20 0.05 25 98507 59 0 40 0 42 1584 47
20 0.05 26 308 41 0 36 0 25 226 34
20 0.05 27 4476 52 0 52 0 37 757 52
20 0.05 28 31734 50 0 35 0 35 854 43
20 0.05 29 135028 61 0 43 0 44 1793 58
20 0.05 30 74000 58 0 42 0 42 1820 52
20 0.05 31 3555 44 0 38 0 32 650 38
20 0.05 32 1350 56 0 40 0 42 782 56
20 0.05 33 24 30 0 30 0 20 78 25
20 0.05 34 303 38 0 33 0 32 606 37
20 0.05 35 198 46 0 43 0 39 441 45
20 0.05 36 254 33 0 25 0 25 196 31
20 0.05 37 1550 50 0 49 0 39 564 46
20 0.05 38 196 42 0 34 0 39 230 39
20 0.05 39 1799 55 0 54 0 43 677 49
20 0.05 40 21 36 0 31 0 36 150 35
20 0.05 41 454 50 0 39 0 43 540 46
20 0.05 42 5263 54 0 48 0 50 846 51
20 0.05 43 1641 49 0 45 0 49 647 43
20 0.05 44 53 33 1 25 0 29 150 31
20 0.05 45 633 47 0 33 0 36 400 44
20 0.05 46 1010 60 0 50 0 60 662 51
20 0.05 47 131 35 0 34 0 31 137 35
20 0.05 48 1825 58 0 50 0 41 931 50
20 0.05 49 34314 59 0 48 0 41 1522 56
20 0.05 50 37 27 0 27 0 24 80 27
20 0.1 0 26043 110 0 110 0 85 6265 107
20 0.1 1 16922 84 0 80 0 66 3227 82
20 0.1 2 19922 88 0 78 0 61 5242 88
20 0.1 3 7061 86 0 80 0 76 3869 86
20 0.1 4 233 70 1 67 0 60 1143 70
20 0.1 5 39282 84 0 69 0 65 4138 78
20 0.1 6 11959 92 0 89 1 81 5600 91
20 0.1 7 1526 71 0 69 0 67 3129 70
20 0.1 8 63834 91 0 79 0 74 5830 85
20 0.1 9 103049 80 0 67 0 72 5674 79
20 0.1 10 81602 56 0 47 0 47 2010 49
20 0.1 11 241488 93 0 69 0 67 3680 91
20 0.1 12 8634 62 0 62 0 60 1445 60
20 0.1 13 459 62 0 53 0 61 1017 61
20 0.1 14 181415 95 0 95 0 70 5466 95
20 0.1 15 39384 91 0 75 0 91 4074 81
20 0.1 16 2861 55 0 55 0 39 1493 54
20 0.1 17 18353 60 0 55 0 42 2747 60
20 0.1 18 201128 79 0 63 0 47 4328 75
20 0.1 19 5243 71 0 65 0 64 3484 68
20 0.1 20 342115 75 0 62 0 50 4554 70
20 0.1 21 18995 72 0 72 0 72 3552 72
20 0.1 22 26031 83 0 72 0 62 5968 82
20 0.1 23 12309 93 0 83 0 69 3247 93
20 0.1 24 34139 65 0 57 0 55 2494 60
20 0.1 25 40000 77 0 77 0 58 4184 65
20 0.1 26 1871 81 0 69 0 72 3372 81
20 0.1 27 4091 78 0 72 0 77 4285 78
20 0.1 28 4600 74 0 54 0 64 2605 74
20 0.1 29 7369 67 0 64 0 58 3238 59
20 0.1 30 9612 59 0 54 0 50 2896 54
20 0.1 31 45333 72 0 66 0 57 2791 72
20 0.1 32 7208 68 0 62 0 57 3423 68
20 0.1 33 126834 96 0 68 0 84 5445 79
20 0.1 34 10576 89 0 87 0 87 4590 80
20 0.1 35 9679 63 0 55 0 61 1967 60
20 0.1 36 137473 101 1 99 0 87 6192 85
20 0.1 37 26725 94 0 83 0 79 7168 91
20 0.1 38 16143 76 0 70 0 69 4762 76
20 0.1 39 24054 64 0 57 0 59 3878 64
20 0.1 40 1887 68 0 65 0 56 3250 68
20 0.1 41 19226 80 0 70 0 61 3485 77
20 0.1 42 70887 87 0 74 0 81 5003 84
20 0.1 43 22917 80 0 67 0 60 4770 77
20 0.1 44 11 73 0 67 0 58 762 69
20 0.1 45 2604 71 0 71 0 54 1838 71
20 0.1 46 12752 83 0 73 0 72 4498 83
20 0.1 47 35006 87 0 70 0 68 5688 78
20 0.1 48 45772 73 0 72 0 68 4476 71
20 0.1 49 26801 65 0 53 1 52 2257 63
20 0.1 50 8820 78 0 64 0 75 3489 73
20 0.2 0 9 118 0 117 0 112 3998 115
20 0.2 1 23 155 0 152 0 155 5236 151
20 0.2 2 6386 118 0 113 0 99 7270 118
20 0.2 3 958 139 0 137 0 131 7464 134
20 0.2 4 21 109 0 109 0 106 4178 109
20 0.2 5 43 111 0 109 0 96 5012 111
20 0.2 6 4 126 0 126 0 126 3235 126
20 0.2 7 690 105 0 92 0 97 6334 102
20 0.2 8 1756 118 0 118 0 100 7856 118
20 0.2 9 53 104 0 98 0 97 5021 100
20 0.2 10 7 143 1 134 0 141 4054 143
20 0.2 11 65 117 0 114 0 100 4995 111
20 0.2 12 611 112 0 108 0 108 6292 110
20 0.2 13 981 137 0 118 0 118 6964 137
20 0.2 14 1 114 0 114 0 114 2310 114
20 0.2 15 364 120 0 108 0 118 6912 117
20 0.2 16 10 84 0 83 0 84 3104 84
20 0.2 17 33 106 0 106 0 101 4887 106
20 0.2 18 91 139 0 131 0 139 6158 139
20 0.2 19 4 127 1 127 0 115 3551 122
20 0.2 20 166 130 0 124 0 121 6749 130
20 0.2 21 5 110 0 110 0 108 3453 110
20 0.2 22 73 146 0 146 0 120 5628 146
20 0.2 23 79 114 0 107 0 110 5352 114
20 0.2 24 117 122 0 119 0 114 5757 114
20 0.2 25 3335 117 0 105 0 116 7347 109
20 0.2 26 79 120 0 114 0 120 5805 120
20 0.2 27 22 106 0 104 0 106 3602 106
20 0.2 28 9 125 0 125 0 109 4260 125
20 0.2 29 247 102 0 97 0 98 3255 102
20 0.2 30 4 129 0 128 0 122 4428 129
20 0.2 31 76 103 0 88 0 98 6273 103
20 0.2 32 237 108 0 103 0 102 7269 107
20 0.2 33 10 111 0 111 0 108 4238 111
20 0.2 34 73 106 0 92 0 92 4394 95
20 0.2 35 21 117 0 117 0 111 4150 110
20 0.2 36 39 120 0 115 0 119 5089 117
20 0.2 37 2 126 0 124 0 125 3515 126
20 0.2 38 27 114 1 114 0 106 5313 114
20 0.2 39 2631 92 0 89 0 86 5690 92
20 0.2 40 120 135 0 132 0 132 7482 135
20 0.2 41 38 136 0 129 0 135 5253 133
20 0.2 42 13 180 0 180 0 180 4501 180
20 0.2 43 2 118 0 118 0 112 2713 118
20 0.2 44 150 100 0 97 0 92 6297 100
20 0.2 45 5 112 0 112 0 112 4082 112
20 0.2 46 231 141 1 139 0 129 9162 137
20 0.2 47 3 121 0 120 0 121 3824 121
20 0.2 48 60 135 0 132 0 135 5881 135
20 0.2 49 1258 124 0 107 0 122 9518 124
20 0.2 50 19 148 0 144 1 144 6042 148
20 0.3 0 1 183 0 182 0 183 1920 183
20 0.3 1 0 175 0 171 0 175 1157 175
20 0.3 2 0 189 0 189 0 189 1123 189
20 0.3 3 1 199 0 195 0 199 1724 199
20 0.3 4 0 121 0 121 0 121 567 121
20 0.3 5 0 189 0 186 0 176 2082 189
20 0.3 6 0 223 0 221 0 223 750 223
20 0.3 7 0 156 0 156 0 156 962 156
20 0.3 8 1 154 0 151 0 154 1955 154
20 0.3 9 0 177 0 177 0 177 1109 177
20 0.3 10 1 181 1 181 0 181 3587 181
20 0.3 11 0 156 0 156 0 156 1352 156
20 0.3 12 1 228 0 228 0 228 768 228
20 0.3 13 1 164 1 159 0 164 3276 164
20 0.3 14 1 152 0 152 0 152 1651 152
20 0.3 15 0 230 0 230 0 230 1054 230
20 0.3 16 0 169 0 169 0 169 964 167
20 0.3 17 0 177 1 177 0 177 1992 177
20 0.3 18 0 156 0 156 0 156 1468 156
20 0.3 19 0 184 0 180 0 184 1532 184
20 0.3 20 0 130 0 130 0 130 787 130
20 0.3 21 0 187 1 187 0 187 642 187
20 0.3 22 0 186 0 186 0 186 0 186
20 0.3 23 0 170 0 165 0 170 1766 170
20 0.3 24 0 224 0 224 0 224 2257 224
20 0.3 25 0 197 0 197 0 197 1172 197
20 0.3 26 1 167 0 167 0 167 1607 167
20 0.3 27 2 159 0 149 0 154 3321 159
20 0.3 28 0 154 0 154 0 154 998 154
20 0.3 29 1 155 0 155 0 154 2551 155
20 0.3 30 0 162 0 162 0 162 328 162
20 0.3 31 1 173 0 173 0 173 2130 173
20 0.3 32 0 146 0 144 0 146 2319 146
20 0.3 33 1 184 0 181 0 184 3342 184
20 0.3 34 0 188 0 183 0 188 919 188
20 0.3 35 0 167 0 167 0 167 316 167
20 0.3 36 2 159 0 159 0 159 2979 159
20 0.3 37 1 151 1 150 0 151 2279 151
20 0.3 38 0 162 0 162 0 162 2106 162
20 0.3 39 0 170 0 170 0 170 2992 170
20 0.3 40 0 149 0 149 0 149 107 149
20 0.3 41 0 202 0 202 0 202 819 202
20 0.3 42 0 155 0 155 0 155 941 155
20 0.3 43 1 181 0 180 0 181 2262 181
20 0.3 44 1 194 0 194 0 194 1985 194
20 0.3 45 0 142 0 142 0 142 522 142
20 0.3 46 0 144 0 144 0 143 1069 144
20 0.3 47 0 227 1 226 0 227 1030 227
20 0.3 48 0 168 0 168 0 168 360 168
20 0.3 49 1 180 0 180 0 180 2794 180
20 0.3 50 1 187 0 187 0 177 2233 187
